	204	261	440	1037	1221	1266	1302	1337	1391	1587	1607	1618	1620	1622	1640	3118	3133	3167	3169	3257	3260
(C1, H1)	0.0	0.0	0.01	0.0	0.03	0.0	0.0	0.01	0.0	0.02	0.0	0.0	0.02	0.04	0.0	2.86	2.63	0.0	0.0	46.65	46.79
(C2, H4)	0.0	0.0	0.01	0.0	0.03	0.0	0.0	0.01	0.0	0.02	0.0	0.0	0.02	0.04	0.0	2.86	2.63	0.0	0.0	46.65	46.79
(C2, H5)	0.0	0.0	0.0	0.04	0.03	0.0	0.0	0.05	0.02	0.04	0.05	0.03	0.03	0.0	0.02	23.52	23.6	24.79	24.81	1.56	1.45
(C1, H3)	0.0	0.0	0.0	0.04	0.03	0.0	0.0	0.05	0.02	0.04	0.05	0.03	0.03	0.0	0.02	23.52	23.6	24.79	24.81	1.56	1.45
(O, C2)	0.0	0.0	0.08	47.21	24.25	0.0	0.0	32.5	4.92	0.36	0.0	0.0	0.07	0.93	0.47	0.07	0.1	0.0	0.0	0.01	0.01
(C2, H6)	0.0	0.0	0.0	0.04	0.03	0.0	0.0	0.05	0.02	0.04	0.05	0.03	0.03	0.0	0.02	23.52	23.6	24.79	24.81	1.56	1.45
(C1, H2)	0.0	0.0	0.0	0.04	0.03	0.0	0.0	0.05	0.02	0.04	0.05	0.03	0.03	0.0	0.02	23.52	23.6	24.79	24.81	1.56	1.45
(C1, O)	0.0	0.0	0.08	47.21	24.25	0.0	0.0	32.5	4.92	0.36	0.0	0.0	0.07	0.93	0.47	0.07	0.1	0.0	0.0	0.01	0.01
(O, C1, H2)	0.39	0.72	1.98	0.8	10.47	23.34	23.65	7.26	13.99	10.65	1.59	1.7	1.29	1.99	8.47	0.0	0.0	0.16	0.13	0.06	0.06
(O, C1, H3)	0.39	0.72	1.98	0.8	10.47	23.34	23.65	7.26	13.99	10.65	1.59	1.7	1.29	1.99	8.47	0.0	0.0	0.16	0.13	0.06	0.06
(O, C2, H5)	0.39	0.72	1.98	0.8	10.47	23.34	23.65	7.26	13.99	10.65	1.59	1.7	1.29	1.99	8.47	0.0	0.0	0.16	0.13	0.06	0.06
(O, C2, H6)	0.39	0.72	1.98	0.8	10.47	23.34	23.65	7.26	13.99	10.65	1.59	1.7	1.29	1.99	8.47	0.0	0.0	0.16	0.13	0.06	0.06
(H1, C1, H2)	0.07	0.06	0.09	0.0	0.01	1.41	1.32	1.28	1.29	10.9	23.08	23.03	5.66	18.42	0.11	0.0	0.01	0.04	0.05	0.03	0.03
(H1, C1, H3)	0.07	0.06	0.09	0.0	0.01	1.41	1.32	1.28	1.29	10.9	23.08	23.03	5.66	18.42	0.11	0.0	0.01	0.04	0.05	0.03	0.03
(H4, C2, H5)	0.07	0.06	0.09	0.0	0.01	1.41	1.32	1.28	1.29	10.9	23.08	23.03	5.66	18.42	0.11	0.0	0.01	0.04	0.05	0.03	0.03
(H4, C2, H6)	0.07	0.06	0.09	0.0	0.01	1.41	1.32	1.28	1.29	10.9	23.08	23.03	5.66	18.42	0.11	0.0	0.01	0.04	0.05	0.03	0.03
(H2, C1, H3)	0.0	0.0	0.29	0.0	4.71	0.0	0.0	0.3	9.32	6.43	0.0	0.0	35.94	8.19	32.33	0.02	0.03	0.0	0.0	0.05	0.05
(H5, C2, H6)	0.0	0.0	0.29	0.0	4.71	0.0	0.0	0.3	9.32	6.43	0.0	0.0	35.94	8.19	32.33	0.02	0.03	0.0	0.0	0.05	0.05
(C1, O, C2)	0.0	0.0	90.95	2.24	0.0	0.0	0.0	0.0	10.33	0.0	0.0	0.0	0.0	0.03	0.0	0.0	0.02	0.0	0.0	0.0	0.15
(C2, O, C1, H1)	49.08	48.44	0.0	0.0	0.0	0.48	0.05	0.0	0.0	0.0	0.55	0.47	0.0	0.0	0.0	0.0	0.0	0.02	0.0	0.0	0.0
(C1, O, C2, H4)	49.08	48.44	0.0	0.0	0.0	0.48	0.05	0.0	0.0	0.0	0.55	0.47	0.0	0.0	0.0	0.0	0.0	0.02	0.0	0.0	0.0
