	510	504	482	914	958	1161	1190	1351	1467	1461	1563	1235	1595	3140	3162	3191	3232	3239
(C1, H5)	0.0	0.0	0.0	0.01	0.01	0.01	0.0	0.0	0.01	0.0	0.0	0.17	0.03	4.86	23.91	3.82	20.7	45.94
(C1, C2)	0.0	0.0	0.49	0.0	32.3	28.97	3.39	0.0	0.0	3.41	0.35	0.0	0.25	0.01	0.38	0.0	0.0	0.0
(C2, H1)	0.01	0.01	0.0	0.0	0.01	0.09	0.0	0.0	0.0	0.0	0.01	0.0	0.0	37.22	11.87	44.82	0.46	3.72
(C1, H3)	0.0	0.0	0.01	0.0	0.0	0.01	0.06	0.0	0.0	0.01	0.0	0.0	0.05	14.7	27.62	0.0	56.93	0.0
(C2, H2)	0.01	0.01	0.0	0.0	0.01	0.09	0.0	0.0	0.0	0.0	0.01	0.0	0.0	37.22	11.87	44.82	0.46	3.72
(C2, O)	0.0	0.0	0.01	0.0	15.48	47.87	9.99	0.0	0.99	1.12	0.0	0.0	0.65	0.06	0.01	0.0	0.0	0.0
(C1, H4)	0.0	0.0	0.0	0.01	0.01	0.01	0.0	0.0	0.01	0.0	0.0	0.17	0.03	4.86	23.91	3.82	20.7	45.94
(C2, C1, H3)	0.0	0.0	3.48	0.0	21.26	0.99	20.22	0.0	4.34	2.87	0.07	0.0	2.93	0.02	0.04	0.0	0.11	0.0
(C2, C1, H4)	0.06	0.01	1.13	7.69	3.66	1.47	7.13	3.5	1.73	4.42	0.09	14.09	2.67	0.02	0.01	0.09	0.03	0.06
(C2, C1, H5)	0.06	0.01	1.13	7.69	3.66	1.47	7.13	3.5	1.73	4.42	0.09	14.09	2.67	0.02	0.01	0.09	0.03	0.06
(H4, C1, H5)	0.0	0.0	0.07	0.0	1.29	0.01	1.38	0.0	4.29	0.16	0.38	0.0	61.22	0.0	0.01	0.0	0.11	0.0
(C1, C2, O)	0.0	0.0	73.75	0.0	4.66	1.15	28.77	0.0	0.05	0.06	0.37	0.0	0.0	0.6	0.16	0.0	0.26	0.0
(C1, C2, H1)	1.66	1.2	7.6	26.72	5.75	5.38	0.74	38.52	23.01	14.75	7.0	0.09	1.76	0.0	0.0	0.82	0.1	0.1
(C1, C2, H2)	1.86	1.35	8.54	30.03	6.46	6.05	0.83	43.29	25.86	16.57	7.86	0.11	1.98	0.0	0.01	0.92	0.11	0.11
(O, C2, H1)	42.84	48.96	1.7	13.39	2.62	0.46	9.86	5.48	19.2	24.23	1.75	0.89	8.35	0.0	0.01	0.38	0.0	0.05
(O, C2, H2)	40.25	46.0	1.6	12.58	2.46	0.43	9.26	5.15	18.04	22.77	1.65	0.84	7.85	0.0	0.0	0.35	0.0	0.05
(H1, C2, H2)	0.0	0.0	0.5	0.0	0.34	5.54	1.23	0.0	0.75	5.21	80.36	0.0	9.55	0.38	0.17	0.0	0.01	0.0
(H3, C1, C2, O)	13.26	2.44	0.0	1.87	0.0	0.0	0.0	0.56	0.0	0.0	0.0	69.54	0.0	0.0	0.0	0.07	0.0	0.25
