	53	66	152	175	266	354	595	1157	1167	1279	1484	1613	1622	1630	1778	3158	3212	3278	4097	4188	4212
(O1, O2)	0.48	1.58	0.1	85.71	0.28	0.31	0.05	0.01	0.01	0.01	0.07	0.0	0.0	0.0	0.01	0.0	0.0	0.0	0.0	0.0	0.0
(O2, H3)	0.02	0.0	0.0	0.0	0.0	0.0	0.0	0.01	0.05	0.0	0.04	0.0	0.0	0.0	0.0	0.0	0.0	0.02	0.07	99.62	0.24
(O2, C)	0.0	0.12	0.08	0.03	0.0	0.09	0.09	53.86	52.04	0.01	0.49	1.74	0.04	0.11	0.0	0.18	0.0	0.01	0.0	0.03	0.0
(C, H4)	0.0	0.04	0.0	0.0	0.0	0.01	0.03	0.0	0.01	0.0	0.01	0.03	0.0	0.03	0.0	8.46	0.01	90.47	0.0	0.01	0.0
(C, H5)	0.0	0.0	0.0	0.01	0.0	0.01	0.01	0.04	0.02	0.0	0.0	0.04	0.06	0.06	0.0	48.1	47.32	4.35	0.0	0.0	0.0
(C, H6)	0.0	0.0	0.0	0.01	0.01	0.0	0.0	0.04	0.02	0.0	0.01	0.01	0.11	0.04	0.0	43.16	51.83	4.58	0.0	0.0	0.0
(H2, O1)	0.01	0.0	0.01	0.02	0.03	0.0	0.01	0.01	0.0	0.0	0.01	0.0	0.0	0.0	0.6	0.0	0.0	0.0	83.32	0.0	16.47
(H1, O1)	0.0	0.0	0.01	0.01	0.04	0.01	0.0	0.0	0.0	0.0	0.0	0.0	0.0	0.0	0.83	0.0	0.0	0.0	16.59	0.31	83.28
(O2, H2, O1)	21.05	18.02	3.39	1.04	6.58	2.21	95.36	0.0	0.12	0.0	0.01	0.0	0.0	0.0	0.05	0.0	0.0	0.0	0.02	0.0	0.0
(C, O2, O1)	1.32	67.07	0.47	9.43	0.03	0.12	0.02	0.0	0.09	0.02	0.13	0.0	0.0	0.0	0.0	0.0	0.0	0.01	0.0	0.0	0.0
(O1, O2, H3)	65.38	4.69	0.8	2.17	2.21	18.4	0.22	0.73	0.97	0.0	1.28	0.0	0.0	0.01	0.0	0.0	0.0	0.0	0.0	0.0	0.0
(H3, O2, C)	0.39	0.01	0.01	0.16	0.08	0.05	1.31	24.07	22.36	0.0	59.3	0.05	0.0	0.18	0.01	0.01	0.0	0.07	0.0	0.01	0.0
(O2, C, H5)	0.05	0.01	0.02	0.32	0.07	0.18	0.21	5.67	9.43	50.78	7.74	19.72	0.94	6.79	0.03	0.0	0.31	0.11	0.0	0.0	0.0
(O2, C, H6)	0.0	0.03	0.02	0.07	0.01	0.03	0.08	11.8	12.37	44.01	12.09	15.37	5.89	5.72	0.0	0.01	0.3	0.11	0.0	0.01	0.0
(H4, C, H5)	0.04	0.29	0.0	0.07	0.05	0.13	0.32	0.06	1.07	2.23	3.69	41.12	39.66	3.76	0.01	0.01	0.1	0.07	0.0	0.0	0.0
(H4, C, H6)	0.21	0.05	0.35	0.11	0.09	0.13	0.02	0.0	0.77	2.66	2.91	18.53	51.64	8.95	0.06	0.01	0.11	0.06	0.0	0.0	0.0
(H5, C, H6)	0.07	0.01	0.01	0.08	0.01	0.01	0.08	3.69	0.65	0.01	12.18	3.36	0.92	74.32	0.06	0.06	0.0	0.13	0.0	0.0	0.0
(H2, O1, H1)	0.22	0.07	0.5	0.0	6.87	0.7	0.01	0.0	0.0	0.0	0.03	0.0	0.01	0.02	94.9	0.0	0.0	0.0	0.0	0.0	0.0
(C, O2, H2, O1)	7.23	7.77	0.15	0.27	71.8	3.79	1.06	0.0	0.01	0.0	0.0	0.0	0.0	0.0	3.4	0.0	0.0	0.0	0.0	0.0	0.0
(C, O2, O1, H1)	3.49	0.21	93.9	0.35	1.14	0.07	0.07	0.0	0.0	0.01	0.0	0.0	0.0	0.0	0.02	0.0	0.0	0.0	0.0	0.0	0.0
(H3, O2, C, H4)	0.02	0.02	0.19	0.16	10.67	73.74	1.07	0.0	0.0	0.26	0.0	0.02	0.74	0.01	0.0	0.0	0.01	0.0	0.0	0.0	0.0
