$energy      SCF               SCFKIN            SCFPOT
     1 -112.3508612445      111.4409703758     -223.7918316203
     2 -112.3508612479      111.4409487937     -223.7918100415
     3 -112.3436547530      111.3219603763     -223.6656151293
     4 -112.3482438073      111.3286610604     -223.6769048677
     5 -112.3540856080      111.3594510852     -223.7135366931
     6 -112.3543186178      111.3621941073     -223.7165127251
     7 -112.3543388633      111.3598136842     -223.7141525475
     8 -112.3543470208      111.3601956258     -223.7145426466
     9 -112.3543471152      111.3599890178     -223.7143361330
    10 -112.3543471290      111.3600608337     -223.7144079627
$end
