$grad          cartesian gradients
  cycle =      2    SCF energy =     -112.3508612479   |dE/dxyz| =  0.123325
    0.00631575199774     -0.00000000000002      0.00000000000047      c
    2.23363826713339      0.00000000000004     -0.00000000000015      o
   -1.09294984431415      1.75277670313074     -0.00000000000015      h
   -1.09294984431421     -1.75277670313074     -0.00000000000015      h
  0.77984183680323D-01  -.86264329013375D-13  0.27163688008229D-11
  -.94647126134889D-01  0.81351592129408D-13  -.25042986155751D-11
  0.83314711195468D-02  -.39142119012054D-02  -.10739142831749D-12
  0.83314711195388D-02  0.39142119012112D-02  -.10447174266495D-12
  cycle =      3    SCF energy =     -112.3436547530   |dE/dxyz| =  0.198110
   -0.08853620877925      0.00000000000009     -0.00000000000283      c
    2.34875732154693     -0.00000000000003      0.00000000000092      o
   -1.10308339113245      1.75753754893237      0.00000000000096      h
   -1.10308339113245     -1.75753754893241      0.00000000000096      h
  -.15380239215757D+00  0.25834889783027D-12  -.14126694447772D-10
  0.12103286517880D+00  -.17627566073486D-12  0.11939332213193D-10
  0.16384763478149D-01  -.14258102062469D-01  0.10982573813543D-11
  0.16384763478121D-01  0.14258102062387D-01  0.10891052655481D-11
  cycle =      4    SCF energy =     -112.3482438073   |dE/dxyz| =  0.153688
   -0.06816296656560      0.00000000000006     -0.00000000000095      c
    2.33315406311801     -0.00000000000001      0.00000000000034      o
   -1.10546838302481      1.75956995615406      0.00000000000031      h
   -1.10546838302482     -1.75956995615408      0.00000000000031      h
  -.11949547719576D+00  0.15204851266937D-12  -.50274313435739D-11
  0.93936261214207D-01  -.10358467555927D-12  0.43540818238113D-11
  0.12779608089009D-01  -.97551015737460D-02  0.33335035329213D-12
  0.12779608088992D-01  0.97551015736994D-02  0.34012907509291D-12
  cycle =      5    SCF energy =     -112.3540856080   |dE/dxyz| =  0.028880
   -0.01914610725638      0.00000000000012     -0.00000000001212      c
    2.29521000915647     -0.00000000000004      0.00000000000369      o
   -1.11100478569867      1.76069751176110      0.00000000000422      h
   -1.11100478569864     -1.76069751176114      0.00000000000422      h
  -.24049448879060D-01  0.34283687000425D-12  0.27256446193051D-10
  0.14322154511671D-01  -.25049406993105D-12  -.34418109646748D-10
  0.48636471685297D-02  -.12705225588836D-02  0.35862079166936D-11
  0.48636471685017D-02  0.12705225587908D-02  0.35751325482495D-11
  cycle =      6    SCF energy =     -112.3543186178   |dE/dxyz| =  0.005134
   -0.00260474076375     -0.00000000000064     -0.00000000008307      c
    2.29403797196611      0.00000000000033      0.00000000002635      o
   -1.11868945034969      1.75982575402046      0.00000000002836      h
   -1.11868945034989     -1.75982575402011      0.00000000002836      h
  0.22264186714436D-02  -.20111690091085D-11  0.13865288870558D-09
  -.36779335261805D-02  0.15003900899480D-11  -.15296491815320D-09
  0.72575740372538D-03  0.18467415684307D-02  0.71590685418675D-11
  0.72575740387704D-03  -.18467415679195D-02  0.71527712845479D-11
  cycle =      7    SCF energy =     -112.3543388633   |dE/dxyz| =  0.001766
   -0.00151489459992      0.00000000000412     -0.00000000041044      c
    2.29789493289431     -0.00000000000201      0.00000000013328      o
   -1.12116285389647      1.75608708545302      0.00000000013857      h
   -1.12116285389515     -1.75608708545509      0.00000000013857      h
  -.69463249330237D-03  0.80955242509617D-11  0.45257082874664D-09
  -.14669893140073D-03  -.49810988667076D-11  -.52605762691784D-09
  0.42066568995014D-03  0.10634642750698D-02  0.36744718254522D-10
  0.42066568906263D-03  -.10634642781837D-02  0.36741971984848D-10
  cycle =      8    SCF energy =     -112.3543470208   |dE/dxyz| =  0.000265
    0.00117498383970     -0.00000000002216     -0.00000000211929      c
    2.30048598256131      0.00000000000899      0.00000000069243      o
   -1.12380331794746      1.75076779047758      0.00000000071341      h
   -1.12380331795080     -1.75076779046436      0.00000000071341      h
  -.21103042449955D-03  -.10503042879861D-10  0.15758713259474D-08
  0.15321697352633D-04  -.74385220205642D-11  -.19547846145012D-08
  0.97854337983927D-04  -.56071847734263D-04  0.18945777224653D-09
  0.97854344106141D-04  0.56071865675023D-04  0.18945547643942D-09
  cycle =      9    SCF energy =     -112.3543471152   |dE/dxyz| =  0.000041
    0.00144654029680     -0.00000000000218     -0.00000000516959      c
    2.30073849377228      0.00000000001502      0.00000000169434      o
   -1.12406535176918      1.75072490506020      0.00000000173760      h
   -1.12406535179715     -1.75072490507299      0.00000000173760      h
  -.23846323517596D-04  0.20334289807522D-10  -.11161779800595D-08
  0.32299496870891D-04  -.14813414384029D-10  0.18885534536845D-09
  -.42266056361484D-05  0.34895874825303D-05  0.46366151971224D-09
  -.42266123134738D-05  -.34895930025591D-05  0.46366105344708D-09
$end
