$hessapprox
  0.150495083977D+01  0.343084545373D-07  0.374568429786D+00 -0.191947445547D-05
 -0.647760127315D-12  0.374235093397D+00 -0.117406650099D+01  0.706259037382D-08
 -0.418333077676D-06  0.125097558766D+01 -0.147643188481D-07 -0.123734525410D+00
  0.180721719212D-12 -0.146083253957D-08  0.187307287788D+00  0.627786942512D-06
  0.212807652484D-12 -0.122986911673D+00  0.139831143202D-06 -0.593617669569D-13
  0.404178568761D-01 -0.165442172799D+00 -0.624121114663D-03  0.116890373512D-05
 -0.384545424991D-01  0.143433747547D+00 -0.383809032513D-06  0.242041753540D+00
  0.136794261658D+00 -0.125416939373D+00 -0.887804298685D-06  0.273991039229D-02
 -0.317863854117D-01  0.291488026335D-06 -0.141171905537D+00  0.251626223764D+00
  0.645843756412D-06 -0.737152098357D-09 -0.125624090861D+00  0.139250967223D-06
  0.241712016820D-09  0.412845273985D-01 -0.392547892228D-06  0.298405934588D-06
  0.421697817314D-01 -0.165442165986D+00  0.624079743618D-03  0.116890379803D-05
 -0.384545441694D-01 -0.143433731322D+00 -0.383809053201D-06 -0.381450382422D-01
  0.163773348659D-02 -0.392546831407D-06  0.242041748397D+00 -0.136794281202D+00
 -0.125416965003D+00  0.887804765724D-06 -0.273991599405D-02 -0.317863769671D-01
 -0.291488179781D-06 -0.163772089502D-02 -0.944228989792D-01 -0.297910494507D-06
  0.141171918091D+00  0.251626240950D+00  0.645843756550D-06  0.737587050832D-09
 -0.125624090862D+00  0.139250967251D-06 -0.241833376773D-09  0.412845273987D-01
 -0.392546810380D-06  0.297910337762D-06  0.421697817316D-01 -0.392547913421D-06
 -0.298406091436D-06  0.421697817318D-01
$end
