	113	513	930	1036	1160	1488	1576	1578	2141	3176	3262	3265
(C1, H3)	0.43	0.01	0.0	0.07	0.04	0.01	0.02	0.02	0.0	27.62	49.78	22.06
(C1, C2)	0.0	0.72	81.67	0.0	17.02	3.33	0.0	0.0	3.65	0.16	0.0	0.0
(C1, H2)	0.43	0.01	0.0	0.07	0.04	0.01	0.02	0.02	0.0	27.62	49.78	22.06
(C2, O)	0.0	0.26	1.87	0.0	0.99	0.0	0.25	0.0	94.86	0.0	0.0	0.01
(C1, H1)	0.0	0.01	0.0	0.0	0.04	0.02	0.05	0.0	0.02	44.46	0.0	55.53
(C2, C1, H2)	20.81	5.78	5.46	46.62	23.94	20.88	0.36	2.72	0.35	0.03	0.09	0.03
(C2, C1, H3)	20.81	5.78	5.46	46.62	23.94	20.88	0.36	2.72	0.35	0.03	0.09	0.03
(H1, C1, H2)	3.48	0.0	0.73	3.03	1.48	16.27	19.38	47.01	0.03	0.03	0.12	0.03
(H1, C1, H3)	3.48	0.0	0.73	3.03	1.48	16.27	19.38	47.01	0.03	0.03	0.12	0.03
(H2, C1, H3)	0.0	0.78	1.42	0.0	13.98	22.31	60.17	0.0	0.09	0.01	0.0	0.17
(C1, C2, O)	0.0	86.64	2.65	0.0	17.04	0.0	0.01	0.0	0.61	0.0	0.0	0.06
(H1, C1, C2, O)	50.58	0.0	0.0	0.57	0.0	0.0	0.0	0.48	0.0	0.0	0.0	0.0
