	537	521	480	962	969	1161	1185	1433	1573	1549	1756	1235	1616	3155	3169	3223	3231	3240
(C1, H5)	0.0	0.0	0.0	0.01	0.01	0.01	0.0	0.0	0.01	0.0	0.0	0.17	0.02	4.84	23.87	3.79	20.66	45.9
(C2, H1)	0.01	0.01	0.0	0.0	0.01	0.09	0.0	0.0	0.0	0.0	0.0	0.0	0.0	37.03	11.85	44.48	0.46	3.71
(C1, C2)	0.0	0.0	0.33	0.0	29.86	27.25	2.68	0.0	0.0	2.59	0.25	0.0	0.23	0.01	0.38	0.0	0.0	0.0
(C1, H3)	0.0	0.0	0.0	0.0	0.0	0.01	0.05	0.0	0.0	0.01	0.0	0.0	0.04	14.63	27.57	0.0	56.81	0.0
(C2, H2)	0.01	0.01	0.0	0.0	0.01	0.09	0.0	0.0	0.0	0.0	0.0	0.0	0.0	37.03	11.85	44.48	0.46	3.71
(C1, H4)	0.0	0.0	0.0	0.01	0.01	0.01	0.0	0.0	0.01	0.0	0.0	0.17	0.02	4.84	23.87	3.79	20.66	45.9
(C2, O)	0.0	0.0	0.0	0.0	14.31	45.03	7.92	0.0	0.76	0.85	0.0	0.0	0.58	0.06	0.01	0.0	0.0	0.0
(C2, C1, H3)	0.0	0.0	2.35	0.0	19.65	0.93	16.03	0.0	3.35	2.18	0.05	0.0	2.6	0.02	0.04	0.0	0.11	0.0
(C2, C1, H4)	0.04	0.0	0.76	6.1	3.38	1.38	5.65	2.79	1.33	3.36	0.07	13.97	2.38	0.02	0.01	0.09	0.03	0.06
(C2, C1, H5)	0.04	0.0	0.76	6.1	3.38	1.38	5.65	2.79	1.33	3.36	0.07	13.97	2.38	0.02	0.01	0.09	0.03	0.06
(H4, C1, H5)	0.0	0.0	0.05	0.0	1.19	0.01	1.09	0.0	3.31	0.12	0.27	0.0	54.46	0.0	0.01	0.0	0.11	0.0
(C1, C2, O)	0.0	0.0	78.41	0.0	6.79	1.7	35.93	0.0	0.06	0.07	0.42	0.0	0.0	0.94	0.24	0.0	0.4	0.0
(C1, C2, H1)	1.68	1.17	7.19	29.76	7.46	7.1	0.82	43.14	24.93	15.74	7.0	0.13	2.2	0.01	0.01	1.14	0.13	0.13
(C1, C2, H2)	1.49	1.05	6.42	26.54	6.65	6.33	0.73	38.48	22.24	14.04	6.24	0.12	1.96	0.0	0.01	1.02	0.12	0.12
(O, C2, H1)	46.66	51.42	1.74	16.05	3.66	0.65	11.8	6.61	22.39	27.83	1.89	1.34	11.21	0.0	0.01	0.56	0.0	0.08
(O, C2, H2)	40.5	44.64	1.51	13.94	3.18	0.56	10.24	5.73	19.44	24.16	1.64	1.16	9.74	0.0	0.01	0.49	0.0	0.07
(H1, C2, H2)	0.0	0.0	0.49	0.0	0.46	7.47	1.39	0.0	0.83	5.68	82.1	0.0	12.17	0.54	0.25	0.0	0.02	0.0
(H3, C1, C2, O)	9.57	1.7	0.0	1.49	0.0	0.0	0.0	0.45	0.0	0.0	0.0	68.97	0.0	0.0	0.0	0.07	0.0	0.25
