	79	211	220	629	686	1349	1373	1652	1983	3130	3216	4288
(O, F)	4.21	0.0	84.38	0.0	0.13	0.0	0.11	0.0	0.01	0.0	0.0	0.01
(O, C)	0.1	0.0	0.03	0.0	0.05	0.0	0.0	3.31	76.82	1.13	0.0	0.0
(C, H2)	0.02	0.0	0.02	0.0	0.01	0.0	0.01	0.07	0.0	49.44	49.67	0.0
(C, H3)	0.0	0.0	0.03	0.0	0.04	0.0	0.01	0.09	0.0	49.3	49.8	0.0
(H1, F)	0.03	0.0	0.28	0.0	0.35	0.0	0.0	0.0	0.04	0.02	0.0	99.94
(O, H1, F)	32.21	0.0	5.05	0.0	99.16	0.0	0.01	0.0	0.02	0.0	0.0	0.04
(F, O, C)	63.28	0.0	9.45	0.0	0.05	0.0	0.3	0.0	0.01	0.0	0.01	0.0
(O, C, H3)	0.0	0.0	0.45	0.0	0.18	0.0	99.54	23.7	5.66	0.03	0.53	0.0
(H2, C, H3)	0.14	0.0	0.25	0.0	0.02	0.0	0.01	72.81	17.45	0.09	0.0	0.0
(C, H3, O, H2)	0.0	44.06	0.03	4.95	0.0	10.61	0.0	0.0	0.0	0.0	0.0	0.0
(C, O, F, H1)	0.0	0.87	0.0	92.78	0.0	0.02	0.0	0.0	0.0	0.0	0.0	0.0
(F, O, C, H2)	0.0	55.07	0.04	2.27	0.0	89.37	0.0	0.0	0.0	0.0	0.0	0.0
