	110	134	144	171	362	610	1750	1777	4096	4134	4214	4229
(H2, O2)	0.0	0.04	0.0	86.29	0.0	0.0	0.02	0.07	1.15	0.02	0.22	0.0
(O2, H3)	0.01	0.03	0.02	0.0	0.06	0.01	0.62	0.0	1.66	48.26	0.08	50.0
(O2, H4)	0.01	0.03	0.02	0.0	0.06	0.01	0.62	0.0	1.66	48.26	0.08	50.0
(O1, H1)	0.0	0.01	0.0	0.0	0.08	0.0	0.01	0.82	15.72	1.27	82.59	0.0
(O1, H2)	0.0	0.01	0.0	0.04	0.01	0.0	0.02	0.53	79.81	2.18	17.02	0.0
(H4, O2, H2)	13.93	19.6	21.14	3.61	25.92	15.13	0.28	0.13	0.0	0.0	0.0	0.0
(H3, O2, O1)	25.65	29.86	30.08	4.59	14.49	2.86	0.25	0.0	0.0	0.0	0.0	0.0
(H3, O2, H4)	0.0	0.34	0.0	0.33	0.41	0.0	97.08	0.95	0.0	0.0	0.0	0.0
(H1, O1, H2)	0.0	1.35	0.0	0.02	10.56	0.0	0.89	94.66	0.0	0.0	0.0	0.0
(O1, H2, O2)	0.0	47.32	0.0	4.88	47.69	0.0	0.04	2.85	0.0	0.0	0.0	0.0
(O1, H2, O2)	50.73	0.0	18.1	0.0	0.0	81.81	0.0	0.0	0.0	0.0	0.0	0.0
(H4, O2, O1, H1)	9.67	1.42	30.64	0.24	0.71	0.19	0.17	0.0	0.0	0.0	0.0	0.0
