	825	964	1052	1198	1505	1779	3250	3336	3378
(C1, H2)	0.14	0.0	0.0	0.03	0.09	0.11	27.07	71.79	0.06
(C1, C2)	0.01	0.0	0.0	0.0	9.83	67.98	0.7	0.12	1.27
(C2, H3)	0.25	0.0	0.0	0.21	0.09	0.93	1.48	0.96	96.49
(C1, H1)	0.03	0.0	0.0	0.12	0.1	0.07	70.57	26.94	2.15
(C2, C1, H2)	42.28	0.0	0.0	58.71	18.37	6.66	0.08	0.14	0.0
(H1, C1, H2)	0.2	0.0	0.0	0.07	71.23	23.96	0.1	0.01	0.01
(C1, C2, H3)	57.1	0.0	0.0	40.85	0.29	0.29	0.0	0.04	0.0
(C1, H2, C2, H1)	0.0	0.02	93.44	0.0	0.0	0.0	0.0	0.0	0.0
(H1, C1, C2, H3)	0.0	99.98	6.56	0.0	0.0	0.0	0.0	0.0	0.0
