             0.89426	-198.994379769	-0.0000   0.0000  0.0000
             0.90426	-199.034095542	-0.0000   -0.0000  0.0000
             0.91426	-199.071400049	0.0000   0.0000  -0.0000
             0.92426	-199.106436453	0.0000   0.0000  -0.0000
             0.93426	-199.139339128	-0.0000   -0.0000  -0.0000
             0.94426	-199.170234161	-0.0000   0.0000  -0.0000
             0.95426	-199.199239832	0.0000   0.0000  -0.0000
             0.96426	-199.226467101	-0.0000   -0.0000  -0.0000
             0.97426	-199.252020083	-0.0000   0.0000  0.0000
             0.98426	-199.275996518	0.0000   -0.0000  -0.0000
             0.99426	-199.298488195	0.0000   -0.0000  -0.0000
             1.00426	-199.319581326	-0.0000   0.0000  0.0000
             1.01426	-199.339356870	-0.0000   -0.0000  0.0000
             1.02426	-199.357890835	0.0000   -0.0000  -0.0000
             1.03426	-199.375254569	-0.0000   0.0000  -0.0000
             1.04426	-199.391515051	-0.0000   0.0000  0.0000
             1.05426	-199.406735180	0.0000   -0.0000  0.0000
             1.06426	-199.420974052	0.0000   -0.0000  -0.0000
             1.07426	-199.434287219	0.0000   -0.0000  -0.0000
             1.08426	-199.446726926	-0.0000   0.0000  -0.0000
             1.09426	-199.458342311	-0.0000   0.0000  -0.0000
             1.10426	-199.469179583	0.0000   -0.0000  -0.0000
             1.11426	-199.479282202	0.0000   -0.0000  0.0000
             1.12426	-199.488691038	-0.0000   0.0000  -0.0000
             1.13426	-199.497444543	0.0000   0.0000  0.0000
             1.14426	-199.505578908	-0.0000   -0.0000  0.0000
             1.15426	-199.513128228	-0.0000   -0.0000  -0.0000
             1.16426	-199.520124640	-0.0000   0.0000  0.0000
             1.17426	-199.526598459	0.0000   -0.0000  -0.0000
             1.18426	-199.532578291	-0.0000   -0.0000  0.0000
             1.19426	-199.538091129	-0.0000   -0.0000  -0.0000
             1.20426	-199.543162446	-0.0000   -0.0000  0.0000
             1.21426	-199.547816289	-0.0000   -0.0000  -0.0000
             1.22426	-199.552075366	0.0000   0.0000  0.0000
             1.23426	-199.555961133	-0.0000   -0.0000  -0.0000
             1.24426	-199.559493884	0.0000   -0.0000  0.0000
             1.25426	-199.562692829	0.0000   0.0000  -0.0000
             1.26426	-199.565576168	0.0000   0.0000  0.0000
             1.27426	-199.568161157	-0.0000   -0.0000  -0.0000
             1.28426	-199.570464160	-0.0000   0.0000  0.0000
             1.29426	-199.572500704	-0.0000   -0.0000  -0.0000
             1.30426	-199.574285516	-0.0000   0.0000  -0.0000
             1.31426	-199.575832573	0.0000   0.0000  0.0000
             1.32426	-199.577155140	-0.0000   0.0000  0.0000
             1.33426	-199.578265813	-0.0000   -0.0000  -0.0000
             1.34426	-199.579176564	-0.0000   0.0000  -0.0000
             1.35426	-199.579898772	0.0000   0.0000  0.0000
             1.36426	-199.580443261	0.0000   0.0000  0.0000
             1.37426	-199.580820331	-0.0000   0.0000  -0.0000
             1.38426	-199.581039782	-0.0000   0.0000  0.0000
             1.39426	-199.581110937	0.0000   0.0000  0.0000
             1.40426	-199.581042661	0.0000   0.0000  -0.0000
             1.41426	-199.580843380	-0.0000   -0.0000  0.0000
             1.42426	-199.580521096	0.0000   0.0000  0.0000
             1.43426	-199.580083412	0.0000   0.0000  -0.0000
             1.44426	-199.579537541	0.0000   -0.0000  0.0000
             1.45426	-199.578890336	0.0000   0.0000  0.0000
             1.46426	-199.578148301	0.0000   -0.0000  -0.0000
             1.47426	-199.577317613	-0.0000   -0.0000  0.0000
             1.48426	-199.576404135	-0.0000   0.0000  0.0000
             1.49426	-199.575413433	-0.0000   -0.0000  -0.0000
             1.50426	-199.574350792	0.0000   0.0000  0.0000
             1.51426	-199.573221220	0.0000   -0.0000  0.0000
             1.52426	-199.572029467	-0.0000   0.0000  -0.0000
             1.53426	-199.570780029	-0.0000   0.0000  0.0000
             1.54426	-199.569477163	0.0000   -0.0000  -0.0000
             1.55426	-199.568124896	0.0000   -0.0000  0.0000
             1.56426	-199.566727034	0.0000   0.0000  -0.0000
             1.57426	-199.565287177	0.0000   0.0000  -0.0000
             1.58426	-199.563808731	-0.0000   0.0000  0.0000
             1.59426	-199.562294919	0.0000   -0.0000  0.0000
             1.60426	-199.560748788	-0.0000   0.0000  -0.0000
             1.61426	-199.559173227	-0.0000   0.0000  0.0000
             1.62426	-199.557570968	0.0000   0.0000  0.0000
             1.63426	-199.555944601	-0.0000   0.0000  -0.0000
             1.64426	-199.554296576	-0.0000   0.0000  0.0000
             1.65426	-199.552629214	-0.0000   0.0000  -0.0000
             1.66426	-199.550944715	0.0000   0.0000  -0.0000
             1.67426	-199.549245160	0.0000   -0.0000  0.0000
             1.68426	-199.547532523	0.0000   -0.0000  -0.0000
             1.69426	-199.545808674	-0.0000   -0.0000  0.0000
             1.70426	-199.544075385	-0.0000   -0.0000  0.0000
             1.71426	-199.542334334	0.0000   0.0000  -0.0000
             1.72426	-199.540587116	0.0000   0.0000  0.0000
             1.73426	-199.538835241	0.0000   -0.0000  -0.0000
             1.74426	-199.537080139	-0.0000   -0.0000  -0.0000
             1.75426	-199.535323166	0.0000   0.0000  0.0000
             1.76426	-199.533565603	0.0000   0.0000  0.0000
             1.77426	-199.531808661	0.0000   0.0000  -0.0000
             1.78426	-199.530053483	0.0000   0.0000  0.0000
             1.79426	-199.528301145	0.0000   -0.0000  -0.0000
             1.80426	-199.526552659	-0.0000   0.0000  0.0000
             1.81426	-199.524808980	0.0000   0.0000  -0.0000
             1.82426	-199.523071002	0.0000   0.0000  0.0000
             1.83426	-199.521339568	-0.0000   -0.0000  -0.0000
             1.84426	-199.519615470	0.0000   -0.0000  0.0000
             1.85426	-199.517899451	0.0000   -0.0000  -0.0000
             1.86426	-199.516192210	-0.0000   -0.0000  0.0000
             1.87426	-199.514494403	-0.0000   -0.0000  -0.0000
             1.88426	-199.512806643	0.0000   0.0000  0.0000
             1.89426	-199.511129503	0.0000   -0.0000  -0.0000
             1.90426	-199.509463518	0.0000   -0.0000  0.0000
             1.91426	-199.507809182	-0.0000   -0.0000  -0.0000
             1.92426	-199.506166954	0.0000   0.0000  0.0000
             1.93426	-199.504537256	0.0000   0.0000  -0.0000
             1.94426	-199.502920472	-0.0000   -0.0000  0.0000
             1.95426	-199.501316956	-0.0000   0.0000  -0.0000
             1.96426	-199.499727027	0.0000   -0.0000  0.0000
             1.97426	-199.498150975	0.0000   -0.0000  -0.0000
             1.98426	-199.496589065	-0.0000   -0.0000  0.0000
             1.99426	-199.495041534	0.0000   0.0000  -0.0000
             2.00426	-199.493508598	0.0000   -0.0000  0.0000
             2.01426	-199.491990454	-0.0000   0.0000  -0.0000
             2.02426	-199.490487277	0.0000   0.0000  0.0000
             2.03426	-199.488999227	0.0000   -0.0000  -0.0000
             2.04426	-199.487526446	0.0000   -0.0000  0.0000
             2.05426	-199.486069059	0.0000   0.0000  -0.0000
             2.06426	-199.484627179	0.0000   0.0000  0.0000
             2.07426	-199.483200897	-0.0000   -0.0000  -0.0000
             2.08426	-199.481790294	0.0000   0.0000  0.0000
             2.09426	-199.480395433	-0.0000   -0.0000  -0.0000
             2.10426	-199.479016361	-0.0000   0.0000  -0.0000
             2.11426	-199.477653113	0.0000   -0.0000  -0.0000
             2.12426	-199.476305706	0.0000   -0.0000  -0.0000
             2.13426	-199.474974150	-0.0000   0.0000  -0.0000
             2.14426	-199.473658438	0.0000   0.0000  -0.0000
             2.15426	-199.472358556	0.0000   0.0000  0.0000
             2.16426	-199.471074480	0.0000   -0.0000  -0.0000
             2.17426	-199.469806182	-0.0000   0.0000  0.0000
             2.18426	-199.468553623	0.0000   -0.0000  -0.0000
             2.19426	-199.467316765	0.0000   -0.0000  0.0000
             2.20426	-199.466095562	-0.0000   0.0000  -0.0000
             2.21426	-199.464889966	-0.0000   0.0000  0.0000
             2.22426	-199.463699925	-0.0000   -0.0000  -0.0000
             2.23426	-199.462525385	-0.0000   0.0000  -0.0000
             2.24426	-199.461366286	-0.0000   -0.0000  -0.0000
             2.25426	-199.460222567	0.0000   0.0000  0.0000
             2.26426	-199.459094160	-0.0000   0.0000  0.0000
             2.27426	-199.457980993	-0.0000   0.0000  0.0000
             2.28426	-199.456882988	-0.0000   0.0000  -0.0000
             2.29426	-199.455800061	0.0000   0.0000  0.0000
             2.30426	-199.454732124	0.0000   0.0000  0.0000
             2.31426	-199.453679079	-0.0000   -0.0000  0.0000
             2.32426	-199.452640827	-0.0000   0.0000  -0.0000
             2.33426	-199.451617261	0.0000   0.0000  -0.0000
             2.34426	-199.450608271	0.0000   0.0000  -0.0000
             2.35426	-199.449613742	0.0000   0.0000  0.0000
             2.36426	-199.448633557	-0.0000   -0.0000  0.0000
             2.37426	-199.447667597	-0.0000   -0.0000  0.0000
             2.38426	-199.446715741	-0.0000   -0.0000  -0.0000
             2.39426	-199.445777866	0.0000   -0.0000  0.0000
