	101	454	583	642	715	933	1100	1171	1344	1460	1548	1587	1594	2021	3193	3256	3303	4119
(C2, H3)	0.15	0.0	0.01	0.0	0.01	0.01	0.01	0.07	0.01	0.04	0.0	0.01	0.02	0.0	41.13	49.75	8.83	0.0
(C1, O1)	0.0	0.02	0.0	0.08	0.0	2.26	1.28	0.0	4.11	1.97	1.27	0.2	0.0	77.52	0.0	0.0	0.0	0.0
(C2, H4)	0.15	0.0	0.01	0.0	0.01	0.01	0.01	0.07	0.01	0.04	0.0	0.01	0.02	0.0	41.13	49.75	8.83	0.0
(O2, H1)	0.0	0.01	0.0	0.01	0.0	0.0	0.0	0.0	0.13	0.13	0.02	0.0	0.0	0.0	0.0	0.0	0.0	99.92
(C1, O2)	0.0	0.03	0.0	2.0	0.0	23.52	20.99	0.0	29.35	15.57	6.37	0.46	0.0	3.62	0.0	0.0	0.0	0.03
(C1, C2)	0.0	0.03	0.0	16.68	0.0	61.1	3.35	0.0	3.95	2.82	10.86	0.27	0.0	5.37	0.23	0.0	0.01	0.0
(C2, H2)	0.0	0.0	0.0	0.01	0.0	0.06	0.04	0.0	0.0	0.0	0.0	0.03	0.0	0.03	17.35	0.0	81.68	0.0
(O1, C1, C2)	0.0	38.63	0.0	56.94	0.0	0.43	0.44	0.0	7.93	12.12	4.14	0.06	0.0	1.0	0.0	0.0	0.13	0.0
(O2, C1, C2)	0.0	55.51	0.0	12.68	0.0	4.73	4.54	0.0	2.24	0.01	0.03	0.16	0.0	8.31	0.01	0.0	0.13	0.05
(C1, O2, H1)	0.0	0.75	0.0	11.13	0.0	5.24	5.16	0.0	45.55	23.6	2.31	0.16	0.0	3.33	0.0	0.0	0.0	0.0
(C1, C2, H3)	4.93	2.36	12.07	0.17	8.31	0.63	25.71	35.87	0.61	5.76	17.14	1.03	3.26	0.23	0.02	0.1	0.06	0.0
(C1, C2, H4)	4.93	2.36	12.07	0.17	8.31	0.63	25.71	35.87	0.61	5.76	17.14	1.03	3.26	0.23	0.02	0.1	0.06	0.0
(H2, C2, H3)	2.54	0.06	0.18	0.05	0.32	0.65	2.8	4.56	0.01	4.52	16.55	16.97	45.43	0.16	0.02	0.13	0.06	0.0
(H2, C2, H4)	2.54	0.06	0.18	0.05	0.32	0.65	2.8	4.56	0.01	4.52	16.55	16.97	45.43	0.16	0.02	0.13	0.06	0.0
(H3, C2, H4)	0.0	0.18	0.0	0.01	0.0	0.06	7.15	0.0	5.49	23.14	7.62	62.63	0.0	0.04	0.05	0.0	0.14	0.0
(C1, O2, O1, C2)	0.32	0.0	42.18	0.0	36.12	0.0	0.0	17.26	0.0	0.0	0.0	0.0	0.06	0.0	0.0	0.02	0.0	0.0
(H2, C2, C1, O2)	84.2	0.0	4.89	0.0	3.48	0.0	0.0	0.41	0.0	0.0	0.0	0.0	2.51	0.0	0.0	0.03	0.0	0.0
(H1, O2, C1, O1)	0.25	0.0	28.4	0.0	43.13	0.0	0.0	1.34	0.0	0.0	0.0	0.0	0.01	0.0	0.0	0.0	0.0	0.0
