	415	902	1154	1277	1473	1609	3236	3375	4190
(C, H2)	0.13	1.49	0.01	0.02	0.05	0.05	74.63	24.96	0.0
(C, O)	0.06	0.13	0.09	96.98	0.0	4.19	0.3	0.01	0.04
(C, H3)	0.0	1.05	0.0	0.03	0.01	0.02	24.97	74.54	0.01
(O, H1)	0.06	0.0	0.01	0.06	0.08	0.0	0.0	0.03	99.91
(O, C, H2)	0.01	20.53	33.57	0.25	23.83	17.79	0.0	0.21	0.01
(O, C, H3)	0.41	24.39	34.96	0.03	16.99	21.97	0.06	0.16	0.02
(H2, C, H3)	0.12	42.93	0.34	1.23	0.94	55.46	0.03	0.01	0.0
(C, O, H1)	0.26	0.46	31.02	1.38	58.08	0.36	0.0	0.08	0.01
(H1, O, C, H2)	98.96	9.02	0.0	0.02	0.01	0.17	0.0	0.0	0.0
