	329	973	956	1057	1326	1442	1820	1669	1872	2102	2112	2078	3145	3155	3205	3188	3237	3236
(C2, H6)	0.0	0.0	0.0	0.01	0.0	0.0	0.0	0.0	0.0	0.0	0.0	0.0	16.53	16.37	12.7	18.3	13.31	19.4
(C1, C2)	0.0	0.0	0.0	82.24	0.0	0.0	0.0	0.8	0.0	0.0	0.0	0.0	0.0	0.44	0.0	0.0	0.0	0.0
(C1, H1)	0.0	0.0	0.0	0.01	0.0	0.0	0.0	0.0	0.01	0.0	0.0	0.0	16.54	16.37	30.17	0.89	31.86	0.91
(C2, H4)	0.0	0.0	0.0	0.01	0.0	0.0	0.0	0.0	0.0	0.0	0.0	0.0	16.53	16.37	3.72	27.25	3.98	28.71
(C1, H2)	0.0	0.0	0.0	0.01	0.0	0.0	0.0	0.0	0.0	0.0	0.0	0.0	16.54	16.37	12.7	18.3	13.31	19.4
(C2, H5)	0.0	0.0	0.0	0.01	0.0	0.0	0.0	0.0	0.01	0.0	0.0	0.0	16.54	16.37	30.17	0.89	31.86	0.91
(C1, H3)	0.0	0.0	0.0	0.01	0.0	0.0	0.0	0.0	0.0	0.0	0.0	0.0	16.54	16.37	3.72	27.25	3.98	28.71
(H1, C1, H2)	0.0	1.14	0.8	3.15	6.13	2.36	17.79	17.65	14.1	46.82	15.27	47.41	0.14	0.24	0.1	0.76	0.13	0.95
(H1, C1, H3)	0.0	1.49	0.21	2.78	5.7	1.79	15.71	15.59	17.99	36.61	17.68	38.25	0.12	0.21	0.31	0.45	0.39	0.57
(H2, C1, H3)	0.0	0.04	1.4	2.29	0.0	6.37	12.94	12.83	49.71	0.12	51.09	0.07	0.1	0.17	0.61	0.02	0.77	0.02
(H4, C2, H5)	0.0	0.15	0.02	0.27	0.56	0.18	1.54	1.53	1.76	3.59	1.73	3.75	0.01	0.02	0.03	0.04	0.04	0.06
(H4, C2, H6)	0.0	0.0	0.17	0.28	0.0	0.78	1.59	1.58	6.11	0.01	6.28	0.01	0.01	0.02	0.07	0.0	0.09	0.0
(H5, C2, H6)	0.0	0.12	0.08	0.33	0.64	0.25	1.87	1.85	1.48	4.92	1.6	4.98	0.01	0.03	0.01	0.08	0.01	0.1
(H1, C1, C2)	0.0	1.49	55.24	2.47	0.02	51.43	13.96	13.86	5.07	0.01	3.63	0.0	0.11	0.19	3.2	0.09	0.14	0.0
(H2, C1, C2)	0.0	50.96	7.37	2.61	39.99	12.57	14.75	14.63	1.6	3.25	1.09	2.36	0.12	0.2	1.42	2.05	0.06	0.09
(H3, C1, C2)	0.0	33.28	23.29	2.51	36.54	14.06	14.18	14.06	1.06	3.53	0.8	2.48	0.11	0.19	0.4	2.94	0.02	0.13
(C1, C2, H4)	0.0	4.74	3.32	0.36	5.21	2.0	2.02	2.0	0.15	0.5	0.11	0.35	0.02	0.03	0.06	0.42	0.0	0.02
(C1, C2, H5)	0.0	0.19	7.07	0.32	0.0	6.58	1.79	1.77	0.65	0.0	0.46	0.0	0.01	0.02	0.41	0.01	0.02	0.0
(C1, C2, H6)	0.0	6.39	0.92	0.33	5.01	1.58	1.85	1.83	0.2	0.41	0.14	0.3	0.01	0.02	0.18	0.26	0.01	0.01
(H1, C1, C2, H4)	100.0	0.01	0.08	0.0	0.19	0.06	0.0	0.0	0.1	0.21	0.1	0.03	0.0	0.0	0.0	0.01	0.01	0.0
