	56	76	116	160	166	169	613	613	625	643	694	697	863	878	918	954	1118	1123	1356	1358	1474	1486	1650	1673	1926	1975	3805	3854	4149	4149
(O3, O4)	0.0	0.0	0.0	79.46	0.09	42.95	0.0	0.0	0.1	3.25	1.89	0.14	0.0	0.0	0.0	0.0	0.02	0.61	0.01	0.03	0.08	0.01	0.01	0.04	0.06	0.04	0.01	0.01	0.0	0.0
(C2, O4)	0.0	0.0	0.0	1.05	0.02	0.08	0.0	0.0	0.04	0.11	0.05	0.07	0.0	0.0	0.0	0.0	2.85	2.84	1.27	0.68	3.25	3.8	0.28	0.62	27.42	29.55	0.03	0.0	0.0	0.0
(C2, O5)	0.0	0.0	0.0	0.34	0.0	0.27	0.0	0.0	0.02	0.12	1.25	1.22	0.0	0.0	0.0	0.0	20.98	22.74	7.52	7.0	0.69	1.46	11.37	7.15	3.79	2.12	0.0	0.0	0.02	0.02
(C2, O6)	0.0	0.0	0.0	1.95	0.01	0.2	0.0	0.0	0.03	0.06	1.34	0.71	0.0	0.0	0.0	0.0	19.23	19.37	5.92	4.75	1.44	2.43	10.21	10.68	3.45	5.89	0.0	0.03	0.0	0.0
(O5, H3)	0.0	0.0	0.0	0.0	0.0	0.0	0.0	0.0	0.02	0.01	0.0	0.0	0.0	0.0	0.0	0.0	0.0	0.0	0.09	0.08	0.01	0.02	0.02	0.02	0.0	0.0	0.0	0.05	46.56	53.31
(O6, H4)	0.0	0.0	0.0	0.81	0.01	0.04	0.0	0.0	0.12	0.07	0.01	0.02	0.0	0.0	0.0	0.0	0.02	0.0	0.0	0.0	0.06	0.04	0.08	0.18	0.2	0.03	50.32	48.55	0.04	0.0
(C1, O1)	0.0	0.0	0.0	1.04	0.02	0.06	0.0	0.0	0.04	0.1	0.05	0.06	0.0	0.0	0.0	0.0	2.69	2.85	1.22	0.68	3.14	3.71	0.28	0.61	26.59	28.77	0.03	0.0	0.0	0.0
(C1, O2)	0.0	0.0	0.0	0.31	0.0	0.28	0.0	0.0	0.02	0.12	1.25	1.22	0.0	0.0	0.0	0.0	20.36	23.38	7.35	7.18	0.68	1.47	11.26	7.25	3.79	2.13	0.0	0.0	0.02	0.02
(C1, O3)	0.0	0.0	0.0	1.97	0.01	0.16	0.0	0.0	0.03	0.06	1.32	0.71	0.0	0.0	0.0	0.0	18.53	19.79	5.74	4.83	1.42	2.42	9.99	10.7	3.4	5.84	0.0	0.03	0.0	0.0
(O2, H1)	0.0	0.0	0.0	0.0	0.0	0.0	0.0	0.0	0.02	0.01	0.0	0.0	0.0	0.0	0.0	0.0	0.0	0.01	0.09	0.09	0.01	0.02	0.02	0.02	0.0	0.0	0.0	0.05	53.27	46.59
(O3, H2)	0.0	0.0	0.0	0.83	0.01	0.03	0.0	0.0	0.12	0.07	0.01	0.02	0.0	0.0	0.0	0.0	0.02	0.0	0.0	0.0	0.06	0.04	0.08	0.19	0.21	0.03	48.85	50.57	0.04	0.0
(C2, O4, H2)	0.0	0.0	0.0	6.23	59.31	20.97	0.0	0.0	1.51	0.61	2.15	20.97	0.0	0.0	0.0	0.0	3.76	0.48	0.21	2.3	4.75	3.17	0.01	6.99	0.24	0.58	0.07	0.06	0.0	0.0
(O4, C2, O6)	0.0	0.0	0.0	1.3	0.0	0.22	0.0	0.0	5.25	3.96	38.04	28.98	0.0	0.0	0.0	0.0	0.76	0.59	0.87	0.83	0.2	0.54	9.73	7.17	1.85	0.88	0.04	0.03	0.0	0.0
(O5, C2, O6)	0.0	0.0	0.0	0.51	0.14	1.9	0.0	0.0	36.09	32.8	1.23	1.04	0.0	0.0	0.0	0.0	0.69	0.59	0.12	0.21	0.04	0.02	0.12	0.02	4.8	5.09	0.07	0.03	0.03	0.03
(C2, O5, H3)	0.0	0.0	0.0	0.0	0.01	0.03	0.0	0.0	2.31	2.59	0.74	0.53	0.0	0.0	0.0	0.0	0.86	0.99	24.15	23.05	2.31	2.63	2.02	2.31	1.78	2.13	0.0	0.0	0.0	0.0
(C2, O6, H4)	0.0	0.0	0.0	0.34	2.4	0.16	0.0	0.0	0.26	0.4	0.71	0.18	0.0	0.0	0.0	0.0	0.16	0.22	3.55	3.61	13.6	11.87	6.94	6.92	3.48	2.05	0.01	0.0	0.0	0.0
(O1, C1, O3)	0.0	0.0	0.0	1.24	0.0	0.18	0.0	0.0	4.85	3.66	34.96	26.83	0.0	0.0	0.0	0.0	0.68	0.56	0.78	0.78	0.18	0.5	8.88	6.69	1.7	0.81	0.04	0.03	0.0	0.0
(O2, C1, O3)	0.0	0.0	0.0	0.45	0.15	1.94	0.0	0.0	36.12	32.76	1.22	1.04	0.0	0.0	0.0	0.0	0.68	0.61	0.12	0.21	0.04	0.02	0.12	0.02	4.79	5.1	0.07	0.03	0.03	0.03
(C1, O2, H1)	0.0	0.0	0.0	0.0	0.01	0.03	0.0	0.0	2.32	2.59	0.74	0.53	0.0	0.0	0.0	0.0	0.84	1.02	23.58	23.58	2.3	2.64	2.0	2.34	1.78	2.13	0.0	0.0	0.0	0.0
(C1, O3, H2)	0.0	0.0	0.0	0.79	5.19	0.3	0.0	0.0	0.56	0.87	1.53	0.4	0.0	0.0	0.0	0.0	0.33	0.48	7.5	7.97	29.28	25.78	14.8	15.1	7.51	4.45	0.01	0.0	0.0	0.0
(O4, H2, O3)	0.0	0.0	0.0	1.37	32.63	30.18	0.0	0.0	10.17	15.79	11.54	15.35	0.0	0.0	0.0	0.0	6.54	2.89	9.93	12.14	36.43	37.41	11.77	15.0	3.15	2.39	0.45	0.53	0.0	0.0
(O4, H2, O3)	17.12	1.89	10.62	0.0	0.0	0.0	2.3	2.23	0.0	0.0	0.0	0.0	50.79	44.21	11.26	29.94	0.0	0.0	0.0	0.0	0.0	0.0	0.0	0.0	0.0	0.0	0.0	0.0	0.0	0.0
(C2, O6, O4, O5)	0.13	13.91	2.47	0.0	0.0	0.0	2.25	1.92	0.0	0.0	0.0	0.0	1.85	17.18	30.77	11.37	0.0	0.0	0.0	0.0	0.0	0.0	0.0	0.0	0.0	0.0	0.0	0.0	0.0	0.0
(C1, O3, O1, O2)	0.32	55.47	10.32	0.0	0.0	0.0	2.13	2.21	0.0	0.0	0.0	0.0	0.02	0.21	1.41	0.65	0.0	0.0	0.0	0.0	0.0	0.0	0.0	0.0	0.0	0.0	0.0	0.0	0.0	0.0
(C1, O3, O4, C2)	29.83	5.04	4.72	0.0	0.0	0.0	0.22	0.02	0.0	0.0	0.0	0.0	0.34	0.13	3.94	0.05	0.0	0.0	0.0	0.0	0.0	0.0	0.0	0.0	0.0	0.0	0.0	0.0	0.0	0.0
(O2, C1, O3, O4)	20.02	13.83	51.57	0.0	0.0	0.0	0.11	0.2	0.0	0.0	0.0	0.0	0.53	3.03	2.19	0.85	0.0	0.0	0.0	0.0	0.0	0.0	0.0	0.0	0.0	0.0	0.0	0.0	0.0	0.0
(H3, O5, C2, O6)	5.89	0.21	0.57	0.0	0.0	0.0	48.37	43.56	0.0	0.0	0.0	0.0	0.12	0.44	0.29	0.06	0.0	0.0	0.0	0.0	0.0	0.0	0.0	0.0	0.0	0.0	0.0	0.0	0.0	0.0
(H4, O6, C2, O5)	1.37	3.94	12.31	0.0	0.0	0.0	0.81	0.75	0.0	0.0	0.0	0.0	11.37	16.27	0.16	2.75	0.0	0.0	0.0	0.0	0.0	0.0	0.0	0.0	0.0	0.0	0.0	0.0	0.0	0.0
(H2, O3, C1, O1)	3.95	5.42	4.18	0.0	0.0	0.0	4.08	4.71	0.0	0.0	0.0	0.0	34.91	17.45	46.95	53.01	0.0	0.0	0.0	0.0	0.0	0.0	0.0	0.0	0.0	0.0	0.0	0.0	0.0	0.0
(H1, O2, C1, O1)	21.37	0.29	3.25	0.0	0.0	0.0	39.73	44.4	0.0	0.0	0.0	0.0	0.08	1.08	3.04	1.32	0.0	0.0	0.0	0.0	0.0	0.0	0.0	0.0	0.0	0.0	0.0	0.0	0.0	0.0
