	749	904	1086	1389	1409	1581	2414	3264	3329
(C, D3)	0.04	0.17	0.0	0.0	0.0	0.01	98.14	0.59	0.0
(C, H1)	0.01	0.0	0.01	0.06	0.04	0.24	0.22	49.6	49.74
(C, Cl)	89.09	5.99	0.0	0.0	1.27	0.58	0.15	0.06	0.0
(C, H2)	0.01	0.0	0.01	0.06	0.04	0.24	0.22	49.6	49.74
(Cl, C, H1)	3.3	4.8	39.87	8.23	22.4	20.96	0.23	0.0	0.13
(Cl, C, H2)	3.3	4.8	39.87	8.23	22.4	20.96	0.23	0.0	0.13
(Cl, C, D3)	3.76	81.35	0.0	0.0	4.06	0.16	0.17	0.13	0.0
(H1, C, D3)	0.25	1.45	10.12	41.71	24.9	28.43	0.32	0.0	0.14
(H2, C, D3)	0.25	1.45	10.12	41.71	24.9	28.43	0.32	0.0	0.14
