             0.46791	-228.192031872	-1.0554   0.0000  -1.7210
             0.47791	-228.266920257	-1.0645   0.0000  -1.7094
             0.48791	-228.336409087	-1.0734   0.0000  -1.6980
             0.49791	-228.400903591	-1.0822   0.0000  -1.6867
             0.50791	-228.460775298	-1.0908   0.0000  -1.6754
             0.51791	-228.516365347	-1.0992   0.0000  -1.6642
             0.52791	-228.567987186	-1.1075   0.0000  -1.6530
             0.53791	-228.615928966	-1.1156   0.0000  -1.6419
             0.54791	-228.660455915	-1.1237   0.0000  -1.6307
             0.55791	-228.701812557	-1.1315   0.0000  -1.6196
             0.56791	-228.740224446	-1.1393   0.0000  -1.6085
             0.57791	-228.775899571	-1.1469   0.0000  -1.5974
             0.58791	-228.809029836	-1.1544   0.0000  -1.5862
             0.59791	-228.839792625	-1.1618   0.0000  -1.5750
             0.60791	-228.868352086	-1.1690   0.0000  -1.5638
             0.61791	-228.894860068	-1.1761   0.0000  -1.5526
             0.62791	-228.919456997	-1.1832   0.0000  -1.5414
             0.63791	-228.942272877	-1.1900   0.0000  -1.5301
             0.64791	-228.963428259	-1.1968   0.0000  -1.5188
             0.65791	-228.983034985	-1.2035   0.0000  -1.5075
             0.66791	-229.001196752	-1.2101   0.0000  -1.4962
             0.67791	-229.018009660	-1.2165   0.0000  -1.4848
             0.68791	-229.033562857	-1.2228   0.0000  -1.4734
             0.69791	-229.047939176	-1.2290   0.0000  -1.4620
             0.70791	-229.061215648	-1.2351   0.0000  -1.4506
             0.71791	-229.073463896	-1.2411   0.0000  -1.4392
             0.72791	-229.084750480	-1.2469   0.0000  -1.4278
             0.73791	-229.095137298	-1.2527   0.0000  -1.4164
             0.74791	-229.104682009	-1.2583   0.0000  -1.4049
             0.75791	-229.113438434	-1.2638   0.0000  -1.3935
             0.76791	-229.121456853	-1.2691   0.0000  -1.3821
             0.77791	-229.128784239	-1.2743   0.0000  -1.3708
             0.78791	-229.135464468	-1.2794   0.0000  -1.3594
             0.79791	-229.141538548	-1.2844   0.0000  -1.3481
             0.80791	-229.147044880	-1.2893   0.0000  -1.3368
             0.81791	-229.152019493	-1.2940   0.0000  -1.3255
             0.82791	-229.156496216	-1.2986   0.0000  -1.3143
             0.83791	-229.160506796	-1.3030   0.0000  -1.3031
             0.84791	-229.164080995	-1.3073   0.0000  -1.2920
             0.85791	-229.167246704	-1.3115   0.0000  -1.2809
             0.86791	-229.170030082	-1.3155   0.0000  -1.2699
             0.87791	-229.172455707	-1.3195   0.0000  -1.2589
             0.88791	-229.174546691	-1.3232   0.0000  -1.2480
             0.89791	-229.176324760	-1.3269   0.0000  -1.2372
             0.90791	-229.177810307	-1.3304   0.0000  -1.2264
             0.91791	-229.179022440	-1.3338   0.0000  -1.2157
             0.92791	-229.179979065	-1.3370   0.0000  -1.2051
             0.93791	-229.180696972	-1.3401   0.0000  -1.1946
             0.94791	-229.181191932	-1.3430   0.0000  -1.1841
             0.95791	-229.181478775	-1.3459   0.0000  -1.1737
             0.96791	-229.181571441	-1.3485   0.0000  -1.1634
             0.97791	-229.181483010	-1.3511   0.0000  -1.1532
             0.98791	-229.181225746	-1.3535   0.0000  -1.1431
             0.99791	-229.180811138	-1.3557   0.0000  -1.1331
             1.00791	-229.180249957	-1.3579   0.0000  -1.1233
             1.01791	-229.179552321	-1.3598   0.0000  -1.1135
             1.02791	-229.178727748	-1.3617   0.0000  -1.1038
             1.03791	-229.177785196	-1.3633   0.0000  -1.0942
             1.04791	-229.176733090	-1.3649   0.0000  -1.0848
             1.05791	-229.175579346	-1.3663   0.0000  -1.0755
             1.06791	-229.174331394	-1.3675   0.0000  -1.0663
             1.07791	-229.172996205	-1.3686   0.0000  -1.0572
             1.08791	-229.171580323	-1.3696   0.0000  -1.0483
             1.09791	-229.170089901	-1.3704   0.0000  -1.0394
             1.10791	-229.168530726	-1.3710   0.0000  -1.0308
             1.11791	-229.166908250	-1.3716   0.0000  -1.0222
             1.12791	-229.165227606	-1.3719   0.0000  -1.0138
             1.13791	-229.163493620	-1.3721   0.0000  -1.0056
             1.14791	-229.161710828	-1.3722   0.0000  -0.9975
             1.15791	-229.159883483	-1.3721   0.0000  -0.9895
             1.16791	-229.158015579	-1.3719   0.0000  -0.9817
             1.17791	-229.156110859	-1.3715   0.0000  -0.9740
             1.18791	-229.154172841	-1.3710   0.0000  -0.9665
             1.19791	-229.152204831	-1.3703   0.0000  -0.9591
             1.20791	-229.150209937	-1.3694   0.0000  -0.9519
             1.21791	-229.148191085	-1.3685   0.0000  -0.9449
             1.22791	-229.146151022	-1.3673   0.0000  -0.9380
             1.23791	-229.144092327	-1.3661   0.0000  -0.9312
             1.24791	-229.142017417	-1.3647   0.0000  -0.9246
             1.25791	-229.139928557	-1.3631   0.0000  -0.9182
             1.26791	-229.137827864	-1.3614   0.0000  -0.9119
             1.27791	-229.135717323	-1.3596   0.0000  -0.9058
             1.28791	-229.133598793	-1.3576   0.0000  -0.8998
             1.29791	-229.131474020	-1.3555   0.0000  -0.8940
             1.30791	-229.129344640	-1.3532   0.0000  -0.8883
             1.31791	-229.127212190	-1.3508   0.0000  -0.8828
             1.32791	-229.125078110	-1.3483   0.0000  -0.8774
             1.33791	-229.122943749	-1.3456   0.0000  -0.8722
             1.34791	-229.120810368	-1.3428   0.0000  -0.8671
             1.35791	-229.118679145	-1.3399   0.0000  -0.8622
             1.36791	-229.116551178	-1.3369   0.0000  -0.8574
             1.37791	-229.114427494	-1.3337   0.0000  -0.8528
             1.38791	-229.112309051	-1.3304   0.0000  -0.8483
             1.39791	-229.110196745	-1.3269   0.0000  -0.8440
             1.40791	-229.108091415	-1.3234   0.0000  -0.8398
             1.41791	-229.105993846	-1.3197   0.0000  -0.8357
             1.42791	-229.103904770	-1.3159   0.0000  -0.8318
             1.43791	-229.101824874	-1.3120   0.0000  -0.8280
             1.44791	-229.099754798	-1.3080   0.0000  -0.8244
             1.45791	-229.097695138	-1.3039   0.0000  -0.8209
             1.46791	-229.095646449	-1.2996   0.0000  -0.8175
             1.47791	-229.093609246	-1.2953   -0.0000  -0.8142
             1.48791	-229.091584008	-1.2908   -0.0000  -0.8111
             1.49791	-229.089571178	-1.2862   -0.0000  -0.8081
             1.50791	-229.087571169	-1.2816   -0.0000  -0.8052
             1.51791	-229.085584364	-1.2768   -0.0000  -0.8024
             1.52791	-229.083611114	-1.2720   -0.0000  -0.7998
             1.53791	-229.081651749	-1.2670   -0.0000  -0.7972
             1.54791	-229.079706569	-1.2620   -0.0000  -0.7948
             1.55791	-229.077775850	-1.2569   -0.0000  -0.7925
             1.56791	-229.075859845	-1.2517   -0.0000  -0.7903
             1.57791	-229.073958784	-1.2464   -0.0000  -0.7882
             1.58791	-229.072072874	-1.2410   -0.0000  -0.7862
             1.59791	-229.070202300	-1.2355   -0.0000  -0.7843
             1.60791	-229.068347227	-1.2300   -0.0000  -0.7824
             1.61791	-229.066507799	-1.2244   -0.0000  -0.7807
             1.62791	-229.064684144	-1.2188   -0.0000  -0.7791
             1.63791	-229.062876369	-1.2130   -0.0000  -0.7775
             1.64791	-229.061084566	-1.2072   -0.0000  -0.7761
             1.65791	-229.059308810	-1.2014   -0.0000  -0.7747
             1.66791	-229.057549161	-1.1955   -0.0000  -0.7734
             1.67791	-229.055805665	-1.1895   -0.0000  -0.7722
             1.68791	-229.054078353	-1.1835   -0.0000  -0.7710
             1.69791	-229.052367244	-1.1774   -0.0000  -0.7699
             1.70791	-229.050672342	-1.1712   -0.0000  -0.7689
             1.71791	-229.048993642	-1.1651   -0.0000  -0.7680
             1.72791	-229.047331126	-1.1589   -0.0000  -0.7671
             1.73791	-229.045684763	-1.1526   -0.0000  -0.7663
             1.74791	-229.044054516	-1.1463   -0.0000  -0.7655
             1.75791	-229.042440336	-1.1400   -0.0000  -0.7648
             1.76791	-229.040842167	-1.1336   -0.0000  -0.7641
             1.77791	-229.039259944	-1.1272   -0.0000  -0.7635
             1.78791	-229.037693595	-1.1208   -0.0000  -0.7630
             1.79791	-229.036143044	-1.1143   -0.0000  -0.7625
             1.80791	-229.034608206	-1.1078   -0.0000  -0.7620
             1.81791	-229.033088992	-1.1013   -0.0000  -0.7616
             1.82791	-229.031585309	-1.0948   -0.0000  -0.7612
             1.83791	-229.030097058	-1.0883   -0.0000  -0.7608
             1.84791	-229.028624139	-1.0817   -0.0000  -0.7605
             1.85791	-229.027166443	-1.0751   -0.0000  -0.7603
             1.86791	-229.025723864	-1.0686   -0.0000  -0.7600
             1.87791	-229.024296289	-1.0620   -0.0000  -0.7598
             1.88791	-229.022883604	-1.0554   -0.0000  -0.7596
             1.89791	-229.021485692	-1.0488   -0.0000  -0.7595
             1.90791	-229.020102436	-1.0422   -0.0000  -0.7594
             1.91791	-229.018733715	-1.0356   -0.0000  -0.7593
             1.92791	-229.017379409	-1.0290   -0.0000  -0.7592
             1.93791	-229.016039398	-1.0224   -0.0000  -0.7591
             1.94791	-229.014713558	-1.0158   -0.0000  -0.7591
             1.95791	-229.013401768	-1.0092   -0.0000  -0.7591
             1.96791	-229.012103906	-1.0026   -0.0000  -0.7591
