	1453	1453	1453	1668	1668	3150	3254	3254	3254
(C, H4)	0.38	0.0	0.05	0.0	0.0	25.0	1.55	0.0	73.31
(C, H3)	0.01	0.36	0.06	0.0	0.0	25.0	71.93	0.1	2.83
(C, H1)	0.18	0.02	0.24	0.0	0.0	25.0	15.19	47.39	12.28
(C, H2)	0.01	0.2	0.23	0.0	0.0	25.0	11.14	52.32	11.4
(H1, C, H2)	21.2	28.51	0.01	19.26	14.07	0.0	0.05	0.0	0.04
(H1, C, H3)	25.21	19.07	5.43	29.63	3.71	0.0	0.02	0.05	0.03
(H1, C, H4)	3.3	2.14	44.27	1.11	32.22	0.0	0.02	0.04	0.02
(H2, C, H3)	3.3	2.14	44.27	1.11	32.22	0.0	0.02	0.04	0.02
(H2, C, H4)	25.21	19.07	5.43	29.63	3.71	0.0	0.02	0.05	0.03
(H3, C, H4)	21.2	28.51	0.01	19.26	14.07	0.0	0.05	0.0	0.04
