	128	177	302	512	532	676	797	916	1105	1190	1223	1234	1373	1484	1494	1513	1888	3067	3150	3177	3824
(C2, O3)	0.0	0.0	0.01	0.0	0.35	0.02	0.0	3.45	1.49	0.0	0.48	6.0	0.44	0.77	0.0	0.0	76.84	0.0	0.0	0.0	0.0
(C1, O1)	0.0	0.0	1.4	0.0	8.41	1.06	0.0	20.73	69.07	0.0	0.64	6.87	0.92	0.39	0.0	0.09	0.02	0.16	0.0	0.0	0.0
(C1, H3)	0.18	0.0	0.02	0.0	0.0	0.0	0.0	0.0	0.02	0.0	0.0	0.01	0.01	0.0	0.06	0.05	0.01	38.68	49.62	11.26	0.0
(C1, H1)	0.0	0.0	0.01	0.0	0.0	0.0	0.0	0.0	0.0	0.0	0.01	0.01	0.02	0.03	0.0	0.04	0.0	22.29	0.0	77.09	0.0
(O1, C2)	0.0	0.0	0.18	0.0	1.84	1.69	0.0	40.02	4.83	0.0	9.23	16.56	12.41	2.19	0.0	0.01	5.98	0.0	0.0	0.0	0.0
(C2, O2)	0.0	0.0	0.17	0.0	0.72	8.21	0.0	10.99	18.7	0.0	0.2	13.65	21.74	2.65	0.0	0.09	6.25	0.0	0.0	0.0	0.03
(O2, H4)	0.0	0.0	0.0	0.0	0.0	0.02	0.0	0.06	0.0	0.0	0.01	0.21	0.15	0.0	0.0	0.0	0.08	0.0	0.0	0.0	99.92
(C1, H2)	0.18	0.0	0.02	0.0	0.0	0.0	0.0	0.0	0.02	0.0	0.0	0.01	0.01	0.0	0.06	0.05	0.01	38.77	49.64	11.16	0.0
(H1, C1, H2)	1.24	0.04	0.41	0.0	0.01	0.0	0.03	0.11	0.65	3.83	5.09	0.62	3.33	30.1	46.59	5.2	0.2	0.02	0.12	0.05	0.0
(H1, C1, H3)	1.24	0.04	0.41	0.0	0.01	0.0	0.03	0.11	0.65	3.85	5.07	0.62	3.33	30.64	46.25	5.18	0.2	0.02	0.12	0.05	0.0
(H2, C1, H3)	0.0	0.0	0.37	0.0	0.19	0.18	0.0	0.11	2.11	0.0	15.27	0.86	1.46	0.28	0.0	75.16	0.01	0.03	0.0	0.15	0.0
(H2, C1, O1)	0.32	0.39	0.7	0.1	0.0	0.49	0.03	2.05	0.07	45.84	28.74	0.29	3.09	14.45	3.13	6.95	0.06	0.02	0.24	0.08	0.0
(H3, C1, O1)	0.32	0.39	0.7	0.1	0.0	0.49	0.03	2.06	0.07	45.72	28.96	0.3	3.1	14.54	3.06	6.96	0.06	0.02	0.23	0.08	0.0
(C1, O1, C2)	0.0	0.0	66.72	0.0	3.33	10.87	0.0	6.68	0.46	0.0	5.35	1.25	0.34	0.21	0.0	0.0	1.56	0.0	0.0	0.09	0.0
(O1, C2, O3)	0.0	0.0	28.46	0.0	0.19	49.29	0.0	1.19	0.18	0.0	0.23	14.17	10.87	2.0	0.0	0.11	2.88	0.0	0.0	0.0	0.0
(O2, C2, O3)	0.0	0.0	0.0	0.0	78.83	26.99	0.0	7.05	0.76	0.0	0.01	4.63	11.79	0.97	0.0	0.05	2.53	0.0	0.0	0.0	0.05
(C2, O2, H4)	0.0	0.0	0.42	0.0	6.1	0.69	0.0	5.4	0.9	0.0	0.7	33.95	26.98	0.77	0.0	0.05	3.3	0.0	0.0	0.0	0.0
(C2, O1, O3, O2)	0.93	26.45	0.0	0.59	0.0	0.0	91.49	0.0	0.0	0.28	0.0	0.0	0.0	0.0	0.0	0.0	0.0	0.0	0.0	0.0	0.0
(H4, O2, C2, O3)	0.32	0.13	0.0	99.03	0.0	0.0	4.75	0.0	0.0	0.0	0.0	0.0	0.0	0.0	0.0	0.0	0.0	0.0	0.0	0.0	0.0
(C2, O1, C1, H1)	81.94	21.08	0.0	0.01	0.0	0.0	1.19	0.0	0.0	0.34	0.0	0.0	0.0	0.0	0.84	0.0	0.0	0.0	0.01	0.0	0.0
(C1, O1, C2, O2)	13.33	51.48	0.0	0.15	0.0	0.0	2.44	0.0	0.0	0.14	0.0	0.0	0.0	0.0	0.0	0.0	0.0	0.0	0.01	0.0	0.0
