	507	731	1179	1219	1411	1566	2059	3166	4170
(O2, H2)	0.0	0.02	0.0	0.01	0.1	0.0	0.01	0.0	99.91
(C, O2)	0.0	7.91	0.0	66.88	28.76	0.81	4.63	0.11	0.05
(C, O1)	0.0	1.23	0.0	2.42	1.92	1.02	73.53	0.83	0.0
(C, H1)	0.0	0.03	0.0	0.04	0.04	0.02	0.13	98.69	0.0
(O1, C, H1)	0.0	32.89	0.0	0.09	4.92	52.83	6.09	0.16	0.0
(O2, C, H1)	0.0	44.6	0.0	7.89	0.69	45.24	13.59	0.12	0.03
(C, O2, H2)	0.0	13.32	0.0	22.66	63.57	0.07	2.02	0.08	0.01
(C, O2, O1, H1)	0.18	0.0	99.39	0.0	0.0	0.0	0.0	0.0	0.0
(O1, C, O2, H2)	49.91	0.0	0.31	0.0	0.0	0.0	0.0	0.0	0.0
(H2, O2, C, O1)	49.91	0.0	0.31	0.0	0.0	0.0	0.0	0.0	0.0
