	75	164	167	179	219	244	737	750	910	958	1210	1213	1346	1350	1499	1519	1553	1563	1926	1978	3263	3266	3818	3864
(O1, O4)	0.0	39.73	0.0	56.21	49.0	0.0	11.09	0.4	0.0	0.0	0.0	0.0	2.09	0.0	0.24	1.3	1.55	0.0	1.48	0.99	0.0	0.0	0.03	0.02
(C2, O3)	0.0	0.06	0.0	0.04	0.0	0.0	1.96	2.2	0.0	0.0	0.0	0.0	20.27	17.28	4.48	3.06	0.09	0.06	3.29	4.03	0.07	0.06	0.0	0.0
(C2, O4)	0.0	0.03	0.0	0.02	0.0	0.0	0.22	0.31	0.0	0.0	0.0	0.0	0.67	1.07	0.01	0.01	1.41	2.05	28.29	27.79	0.31	0.32	0.0	0.0
(C2, H3)	0.0	0.0	0.0	0.0	0.0	0.0	0.0	0.0	0.0	0.0	0.0	0.0	0.0	0.0	0.02	0.03	0.01	0.0	0.03	0.02	48.54	49.23	0.0	0.0
(O3, H4)	0.0	0.02	0.0	0.01	0.0	0.0	0.01	0.03	0.0	0.0	0.0	0.0	0.0	0.05	0.06	0.09	0.01	0.02	0.16	0.01	0.08	0.01	5.01	5.01
(C1, O1)	0.0	0.06	0.0	0.04	0.0	0.0	1.95	2.19	0.0	0.0	0.0	0.0	20.19	17.22	4.46	3.05	0.09	0.06	3.27	4.02	0.06	0.06	0.0	0.0
(C1, O2)	0.0	0.03	0.0	0.02	0.0	0.0	0.21	0.3	0.0	0.0	0.0	0.0	0.65	1.04	0.01	0.01	1.37	1.99	27.48	26.99	0.3	0.31	0.0	0.0
(C1, H1)	0.0	0.0	0.0	0.0	0.0	0.0	0.0	0.0	0.0	0.0	0.0	0.0	0.0	0.0	0.02	0.03	0.01	0.0	0.03	0.02	48.54	49.23	0.0	0.0
(O1, H2)	0.0	0.24	0.0	0.11	0.01	0.0	0.14	0.27	0.0	0.0	0.0	0.0	0.02	0.54	0.58	0.94	0.08	0.22	1.63	0.06	0.83	0.13	50.95	50.95
(C2, O4, H2)	0.0	8.77	0.0	1.58	0.65	0.0	0.28	23.58	0.0	0.0	0.0	0.0	0.16	2.36	0.89	2.96	0.56	1.92	0.03	0.36	0.03	0.04	0.0	0.0
(O3, C2, H3)	0.0	0.0	0.0	0.02	0.0	0.0	10.84	11.16	0.0	0.0	0.0	0.0	6.72	7.36	2.47	10.31	21.39	16.35	8.58	8.84	0.07	0.07	0.01	0.0
(O4, C2, H3)	0.0	0.05	0.0	0.05	0.0	0.0	6.05	7.18	0.0	0.0	0.0	0.0	1.1	1.7	11.85	21.82	22.59	13.44	4.13	5.0	0.11	0.11	0.0	0.0
(C2, O3, H4)	0.0	0.43	0.0	0.06	0.0	0.0	1.67	1.25	0.0	0.0	0.0	0.0	5.65	7.19	12.34	5.42	2.17	6.54	2.12	1.46	0.04	0.05	0.0	0.0
(O1, C1, H1)	0.0	0.0	0.0	0.02	0.0	0.0	10.39	10.7	0.0	0.0	0.0	0.0	6.44	7.06	2.37	9.88	20.5	15.68	8.23	8.47	0.07	0.07	0.01	0.0
(O2, C1, H1)	0.0	0.04	0.0	0.05	0.0	0.0	5.66	6.72	0.0	0.0	0.0	0.0	1.03	1.6	11.1	20.43	21.15	12.58	3.87	4.68	0.1	0.1	0.0	0.0
(C1, O1, H2)	0.0	0.97	0.0	0.14	0.01	0.0	3.79	2.84	0.0	0.0	0.0	0.0	12.82	16.33	28.01	12.31	4.93	14.85	4.82	3.32	0.09	0.1	0.0	0.0
(O1, H2, O4)	0.0	47.23	30.18	41.29	49.63	11.48	37.61	16.86	27.71	24.78	1.04	1.37	16.03	12.53	11.45	3.98	0.33	8.15	2.04	3.29	0.77	0.11	43.98	43.99
(O1, H2, O4)	0.0	2.33	29.54	0.34	0.69	11.24	8.11	14.01	27.13	24.25	1.02	1.34	6.17	6.67	9.66	4.37	1.74	6.09	0.5	0.65	0.0	0.0	0.0	0.0
(C2, H3, O3, O4)	4.31	0.0	21.09	0.0	0.0	9.05	0.0	0.0	0.06	0.1	47.15	51.48	0.0	0.0	0.0	0.0	0.0	0.0	0.0	0.0	0.0	0.0	0.0	0.0
(C1, H1, O1, O2)	3.69	0.0	18.04	0.0	0.0	7.74	0.0	0.0	0.05	0.08	40.34	44.04	0.0	0.0	0.0	0.0	0.0	0.0	0.0	0.0	0.0	0.0	0.0	0.0
(H2, O4, C2, O3)	4.99	0.0	0.88	0.0	0.0	50.95	0.0	0.0	8.81	16.86	6.85	0.71	0.0	0.0	0.0	0.0	0.0	0.0	0.0	0.0	0.0	0.0	0.0	0.0
(C1, O1, O4, C2)	47.26	0.0	0.24	0.0	0.0	6.75	0.0	0.0	0.09	0.0	1.7	0.08	0.0	0.0	0.0	0.0	0.0	0.0	0.0	0.0	0.0	0.0	0.0	0.0
(H4, O3, C2, O4)	17.58	0.0	0.01	0.0	0.0	1.24	0.0	0.0	15.98	15.01	0.84	0.43	0.0	0.0	0.0	0.0	0.0	0.0	0.0	0.0	0.0	0.0	0.0	0.0
(H2, O1, C1, O2)	22.17	0.0	0.01	0.0	0.0	1.56	0.0	0.0	20.16	18.93	1.06	0.55	0.0	0.0	0.0	0.0	0.0	0.0	0.0	0.0	0.0	0.0	0.0	0.0
