	99	120	141	170	327	593	1534	1779	3041	4100	4186	4214
(O1, O4)	0.05	0.16	0.22	92.15	1.16	0.0	0.03	0.01	0.0	0.0	0.0	0.0
(O4, H5)	0.0	0.03	0.03	0.0	0.04	0.01	0.55	0.0	0.26	0.26	98.94	0.6
(O4, D6)	0.01	0.02	0.0	0.0	0.03	0.0	0.45	0.0	99.71	0.0	0.19	0.0
(O1, H2)	0.0	0.0	0.0	0.07	0.02	0.0	0.01	0.59	0.0	82.52	0.01	17.27
(O1, H3)	0.0	0.0	0.0	0.0	0.07	0.0	0.0	0.83	0.0	17.21	0.84	82.12
(D6, O4, O1)	36.42	10.74	0.1	3.04	3.44	0.9	0.19	0.0	0.0	0.0	0.0	0.0
(O1, O4, H5)	13.96	38.01	45.98	1.01	10.85	2.2	0.79	0.0	0.0	0.0	0.0	0.0
(H5, O4, D6)	0.01	0.27	0.08	0.35	0.32	0.22	97.67	0.02	0.02	0.0	0.0	0.0
(H2, O1, H3)	0.05	0.8	0.53	0.02	9.65	0.01	0.04	94.93	0.0	0.0	0.0	0.0
(O1, H2, O4)	46.26	0.47	0.66	1.36	18.85	88.4	0.0	0.58	0.0	0.0	0.0	0.0
(O1, H2, O4)	0.15	41.39	23.16	1.4	54.19	8.21	0.0	3.04	0.0	0.0	0.0	0.0
(H3, O1, O4, H5)	3.09	8.11	29.23	0.59	1.37	0.05	0.26	0.0	0.0	0.0	0.0	0.0
