	115	136	145	171	339	607	1748	1780	4099	4136	4214	4232
(H1, O2)	0.0	0.32	0.01	95.98	1.0	0.01	0.02	0.0	1.17	0.02	0.23	0.0
(O2, H3)	0.01	0.04	0.01	0.0	0.05	0.01	0.6	0.01	1.5	48.38	0.08	50.04
(O2, H4)	0.01	0.04	0.02	0.0	0.05	0.01	0.6	0.01	1.5	48.47	0.08	49.95
(O1, H1)	0.0	0.0	0.0	0.07	0.02	0.0	0.04	0.57	79.68	1.93	17.37	0.0
(O1, H2)	0.0	0.01	0.0	0.0	0.08	0.0	0.02	0.82	16.14	1.2	82.24	0.0
(H1, O2, H4)	19.77	26.14	22.68	1.09	21.45	16.45	0.39	0.14	0.0	0.0	0.0	0.0
(H1, O2, H3)	19.93	22.07	18.77	1.34	18.86	14.89	0.35	0.13	0.0	0.0	0.0	0.0
(H3, O2, H4)	0.0	0.36	0.0	0.31	0.49	0.0	95.43	2.47	0.0	0.0	0.0	0.0
(H1, O1, H2)	0.0	1.74	0.0	0.01	10.63	0.0	2.32	93.47	0.0	0.0	0.0	0.0
(O2, H1, O1)	0.11	45.86	0.0	1.03	46.13	0.06	0.07	2.37	0.0	0.0	0.0	0.0
(O2, H1, O1)	50.27	0.16	11.45	0.01	0.06	68.4	0.0	0.0	0.0	0.0	0.0	0.0
(H2, O1, O2, H4)	9.91	3.26	47.06	0.15	1.19	0.18	0.16	0.0	0.0	0.0	0.0	0.0
