	36	44	57	95	130	183	347	660	1157	1167	1190	1198	1279	1280	1484	1538	1612	1614	1617	1622	1630	1633	3131	3158	3170	3212	3238	3275	4119	4188
(O1, O2)	1.21	0.73	0.01	8.08	3.14	74.93	0.16	0.04	0.01	0.02	0.06	0.01	0.0	0.0	0.08	0.03	0.0	0.0	0.0	0.0	0.0	0.0	0.0	0.0	0.0	0.0	0.0	0.0	0.01	0.0
(O2, H5)	0.01	0.0	0.01	0.01	0.0	0.0	0.0	0.0	0.01	0.05	0.0	0.0	0.0	0.0	0.04	0.0	0.0	0.0	0.0	0.0	0.0	0.0	0.0	0.0	0.0	0.0	0.0	0.02	0.18	99.77
(O2, C2)	0.0	0.08	0.03	0.04	0.0	0.01	0.05	0.11	49.74	53.03	0.25	0.28	0.01	0.0	0.52	0.0	1.65	0.06	0.04	0.03	0.09	0.02	0.0	0.18	0.0	0.0	0.0	0.01	0.0	0.03
(C2, H6)	0.0	0.01	0.0	0.0	0.0	0.0	0.0	0.02	0.0	0.01	0.0	0.0	0.0	0.0	0.01	0.0	0.03	0.0	0.0	0.0	0.03	0.0	0.0	8.77	0.0	0.0	0.0	90.16	0.0	0.01
(C2, H7)	0.0	0.0	0.0	0.01	0.0	0.01	0.0	0.0	0.04	0.02	0.0	0.0	0.0	0.0	0.0	0.0	0.04	0.0	0.0	0.06	0.06	0.0	0.03	46.6	0.0	48.53	0.0	4.56	0.0	0.0
(C2, H8)	0.0	0.0	0.0	0.0	0.0	0.01	0.0	0.0	0.04	0.02	0.0	0.0	0.0	0.0	0.01	0.0	0.01	0.01	0.0	0.1	0.04	0.01	0.0	44.31	0.0	50.62	0.01	4.68	0.0	0.0
(O1, H1)	0.01	0.0	0.0	0.05	0.0	0.01	0.0	0.01	0.01	0.0	0.04	0.04	0.0	0.0	0.01	0.06	0.0	0.01	0.0	0.0	0.0	0.0	0.02	0.01	0.0	0.0	0.02	0.0	99.74	0.17
(O1, C1)	0.01	0.01	0.0	0.09	0.01	0.64	0.02	0.0	0.14	0.16	96.92	0.0	0.0	0.0	0.0	0.35	0.03	1.85	0.03	0.07	0.01	0.26	0.19	0.0	0.0	0.0	0.02	0.0	0.03	0.0
(C1, H2)	0.0	0.0	0.0	0.0	0.0	0.01	0.0	0.0	0.0	0.0	0.01	0.0	0.0	0.0	0.0	0.01	0.0	0.07	0.0	0.0	0.0	0.03	6.57	0.0	0.03	0.0	92.28	0.0	0.01	0.0
(C1, H3)	0.0	0.0	0.0	0.0	0.03	0.04	0.0	0.0	0.0	0.0	0.07	0.0	0.0	0.0	0.0	0.0	0.01	0.01	0.13	0.0	0.0	0.07	49.69	0.01	46.8	0.0	3.35	0.0	0.0	0.0
(C1, H4)	0.0	0.01	0.0	0.02	0.05	0.02	0.0	0.0	0.0	0.0	0.07	0.0	0.0	0.0	0.0	0.0	0.0	0.03	0.08	0.0	0.01	0.08	43.41	0.02	52.35	0.01	3.81	0.0	0.0	0.0
(O1, H1, O2)	25.47	17.98	0.05	2.02	8.93	1.41	1.56	79.01	0.0	0.13	0.0	0.04	0.0	0.01	0.01	0.11	0.0	0.0	0.0	0.0	0.0	0.0	0.0	0.0	0.0	0.0	0.0	0.0	0.02	0.0
(O1, O2, C2)	12.86	47.27	15.75	0.8	6.64	9.64	0.05	0.01	0.0	0.08	0.01	0.0	0.02	0.0	0.12	0.0	0.0	0.0	0.0	0.0	0.0	0.0	0.0	0.0	0.0	0.0	0.0	0.01	0.0	0.0
(O1, O2, H5)	55.19	24.23	15.33	11.51	4.91	4.16	18.6	0.04	1.43	1.65	0.0	0.0	0.0	0.0	2.3	0.0	0.0	0.0	0.0	0.0	0.01	0.0	0.0	0.0	0.0	0.0	0.0	0.0	0.0	0.0
(H5, O2, C2)	0.2	0.0	0.17	0.12	0.31	0.19	0.05	1.48	26.34	21.51	0.0	0.03	0.0	0.0	59.72	0.05	0.04	0.0	0.0	0.0	0.17	0.02	0.0	0.01	0.0	0.0	0.0	0.07	0.0	0.01
(O2, C2, H7)	0.03	0.0	0.04	0.02	0.0	0.35	0.17	0.18	6.58	9.42	0.01	0.02	49.25	0.59	7.9	0.01	18.62	0.2	0.67	1.0	6.31	0.64	0.0	0.0	0.0	0.31	0.0	0.11	0.0	0.0
(O2, C2, H8)	0.0	0.01	0.0	0.03	0.0	0.07	0.03	0.09	11.55	11.2	0.0	0.01	44.45	0.49	10.85	0.0	14.27	1.55	0.2	5.45	4.95	0.81	0.0	0.0	0.0	0.31	0.0	0.11	0.0	0.01
(H6, C2, H7)	0.08	0.19	0.04	0.0	0.01	0.08	0.15	0.22	0.07	0.97	0.01	0.01	2.31	0.02	3.35	0.1	40.13	0.62	1.87	38.8	3.25	0.38	0.0	0.01	0.0	0.1	0.0	0.07	0.0	0.0
(H6, C2, H8)	0.01	0.01	0.22	0.01	0.0	0.06	0.16	0.03	0.01	0.78	0.0	0.01	2.6	0.03	2.79	0.25	17.5	5.58	0.01	48.25	9.41	0.05	0.0	0.01	0.0	0.1	0.0	0.07	0.0	0.0
(H7, C2, H8)	0.0	0.0	0.01	0.0	0.02	0.09	0.0	0.07	3.72	0.57	0.0	0.0	0.0	0.0	11.64	0.18	2.71	0.62	0.3	0.88	69.05	5.53	0.0	0.06	0.0	0.0	0.0	0.13	0.0	0.0
(H1, O1, C1)	0.08	0.15	0.45	15.27	0.01	1.34	0.1	0.13	0.01	0.03	1.25	34.12	0.0	0.0	0.06	66.9	0.0	0.04	0.0	0.07	0.01	0.58	0.01	0.0	0.0	0.0	0.07	0.0	0.01	0.0
(O1, C1, H3)	0.01	0.04	0.01	0.23	0.03	0.15	0.01	0.0	0.01	0.01	0.44	28.83	0.57	47.37	0.05	3.74	0.57	12.28	5.11	0.12	0.34	8.27	0.0	0.0	0.33	0.0	0.11	0.0	0.0	0.0
(O1, C1, H4)	0.0	0.02	0.01	0.22	0.01	0.18	0.0	0.0	0.0	0.03	0.28	27.85	0.47	46.93	0.02	4.29	0.04	15.67	1.51	0.48	0.56	9.36	0.0	0.0	0.32	0.0	0.12	0.0	0.01	0.0
(H2, C1, H3)	0.01	0.0	0.01	0.04	0.0	0.11	0.01	0.06	0.0	0.0	0.16	0.79	0.02	2.14	0.05	2.72	4.21	22.09	50.17	0.28	0.76	3.36	0.01	0.0	0.08	0.0	0.06	0.0	0.0	0.0
(H2, C1, H4)	0.01	0.03	0.02	0.14	0.0	0.12	0.0	0.13	0.0	0.0	0.17	0.89	0.03	2.24	0.0	2.79	0.01	38.83	39.13	3.55	0.08	1.74	0.01	0.0	0.08	0.0	0.05	0.0	0.0	0.0
(H3, C1, H4)	0.0	0.07	0.0	0.06	0.02	0.07	0.0	0.01	0.02	0.02	0.12	5.26	0.0	0.0	0.0	16.65	0.08	0.43	0.3	0.16	4.85	68.75	0.05	0.0	0.0	0.0	0.09	0.0	0.0	0.0
(C1, O1, H1, O2)	3.57	5.1	1.45	59.99	0.12	5.02	0.03	0.03	0.0	0.0	0.12	1.81	0.0	0.0	0.0	1.76	0.0	0.0	0.0	0.0	0.0	0.02	0.0	0.0	0.0	0.0	0.0	0.0	0.0	0.0
(C1, O1, O2, H5)	1.07	3.8	66.1	0.01	0.74	0.08	13.82	0.13	0.26	0.28	0.0	0.0	0.0	0.01	0.46	0.0	0.0	0.0	0.0	0.0	0.0	0.0	0.0	0.0	0.0	0.0	0.0	0.0	0.0	0.0
(H5, O2, C2, H6)	0.04	0.03	0.01	1.2	1.04	0.0	64.47	0.49	0.0	0.0	0.0	0.0	0.25	0.0	0.0	0.0	0.02	0.04	0.01	0.68	0.01	0.0	0.0	0.0	0.0	0.01	0.0	0.0	0.0	0.0
(H1, O1, C1, H2)	0.13	0.22	0.27	0.0	73.97	1.2	0.56	17.7	0.01	0.01	0.0	0.0	0.0	0.15	0.0	0.0	0.02	0.01	0.45	0.01	0.0	0.0	0.0	0.0	0.01	0.0	0.0	0.0	0.0	0.0
