	115	136	145	171	339	607	1748	1780	4099	4136	4214	4232
(O1, O2)	0.0	0.29	0.01	94.89	1.15	0.0	0.02	0.01	0.0	0.0	0.0	0.0
(O2, H3)	0.01	0.03	0.01	0.0	0.05	0.0	0.6	0.01	1.53	48.4	0.08	50.04
(O2, H4)	0.0	0.03	0.01	0.0	0.05	0.0	0.6	0.01	1.53	48.48	0.08	49.95
(O1, H1)	0.0	0.0	0.0	0.07	0.02	0.0	0.04	0.56	80.51	1.92	17.3	0.0
(O1, H2)	0.0	0.01	0.0	0.0	0.08	0.0	0.02	0.81	16.43	1.2	82.53	0.0
(O1, O2, H4)	22.82	28.75	25.87	1.4	12.47	2.64	0.45	0.01	0.0	0.0	0.0	0.0
(O1, O2, H3)	22.63	23.75	21.32	1.78	10.88	2.4	0.4	0.01	0.0	0.0	0.0	0.0
(H3, O2, H4)	0.0	0.26	0.0	0.3	0.51	0.0	95.3	2.46	0.0	0.0	0.0	0.0
(H1, O1, H2)	0.0	1.25	0.0	0.01	10.98	0.0	2.32	93.01	0.0	0.0	0.0	0.0
(O1, H1, O2)	0.06	43.17	0.0	1.38	62.52	0.03	0.09	3.1	0.0	0.0	0.0	0.0
(O1, H1, O2)	48.84	0.14	15.49	0.02	0.06	94.77	0.0	0.0	0.0	0.0	0.0	0.0
(H2, O1, O2, H4)	5.64	2.34	37.29	0.15	1.23	0.15	0.16	0.0	0.0	0.0	0.0	0.0
