	99	120	141	170	327	593	1534	1779	3041	4100	4186	4214
(O1, O4)	0.08	0.13	0.28	93.91	1.17	0.0	0.03	0.01	0.0	0.0	0.0	0.0
(O4, H5)	0.0	0.02	0.04	0.0	0.04	0.01	0.55	0.0	0.26	0.26	98.94	0.6
(O4, D6)	0.02	0.02	0.0	0.0	0.03	0.0	0.45	0.0	99.71	0.0	0.19	0.0
(O1, H2)	0.0	0.0	0.0	0.07	0.02	0.0	0.01	0.59	0.0	82.52	0.01	17.27
(O1, H3)	0.0	0.0	0.0	0.0	0.07	0.0	0.0	0.83	0.0	17.21	0.84	82.12
(H2, O4, D6)	32.88	8.86	0.18	2.28	11.31	11.91	0.2	0.07	0.0	0.0	0.0	0.0
(O1, O4, H5)	18.37	28.08	53.81	0.93	9.87	2.43	0.72	0.0	0.0	0.0	0.0	0.0
(H5, O4, D6)	0.01	0.22	0.11	0.36	0.33	0.26	97.92	0.02	0.02	0.0	0.0	0.0
(H2, O1, H3)	0.07	0.65	0.69	0.02	9.73	0.01	0.04	95.06	0.0	0.0	0.0	0.0
(O1, H2, O4)	47.03	0.27	0.6	0.97	13.26	75.26	0.0	0.41	0.0	0.0	0.0	0.0
(O1, H2, O4)	0.21	33.42	29.62	1.41	53.9	9.89	0.0	3.0	0.0	0.0	0.0	0.0
(H3, O1, O4, D6)	1.32	28.31	14.68	0.04	0.28	0.24	0.08	0.0	0.0	0.0	0.0	0.0
