	1170	1301	1301	1613	1614	1625	3190	3271	3271
(F, C)	98.83	0.0	0.0	0.0	0.0	4.04	0.18	0.0	0.0
(C, H1)	0.04	0.02	0.0	0.23	0.0	0.05	33.25	66.46	0.0
(C, H2)	0.04	0.01	0.02	0.06	0.17	0.05	33.25	16.61	49.84
(C, H3)	0.04	0.01	0.02	0.06	0.17	0.05	33.25	16.61	49.84
(F, C, H1)	0.21	63.66	0.0	4.39	0.0	19.15	0.01	0.15	0.0
(F, C, H2)	0.21	15.92	47.75	1.1	3.29	19.15	0.01	0.04	0.11
(F, C, H3)	0.21	15.92	47.75	1.1	3.29	19.15	0.01	0.04	0.11
(H1, C, H2)	0.14	0.75	2.24	15.51	46.53	12.78	0.01	0.02	0.05
(H1, C, H3)	0.14	0.75	2.24	15.51	46.53	12.78	0.01	0.02	0.05
(H2, C, H3)	0.14	2.98	0.0	62.04	0.0	12.78	0.01	0.06	0.0
