	110	134	144	171	362	610	1750	1777	4096	4134	4214	4229
(O1, O2)	0.0	1.35	0.0	84.75	1.19	0.0	0.01	0.01	0.0	0.0	0.0	0.0
(O2, H3)	0.01	0.02	0.02	0.0	0.07	0.0	0.62	0.0	1.69	48.28	0.08	50.0
(O2, H4)	0.01	0.02	0.02	0.0	0.07	0.0	0.62	0.0	1.69	48.28	0.08	50.0
(O1, H1)	0.0	0.01	0.0	0.0	0.08	0.0	0.01	0.81	15.99	1.27	82.87	0.0
(O1, H2)	0.0	0.0	0.0	0.04	0.01	0.0	0.02	0.52	80.61	2.16	16.96	0.0
(H4, O2, O1)	21.56	26.29	27.81	5.2	15.74	2.77	0.28	0.0	0.0	0.0	0.0	0.0
(O1, O2, H3)	19.89	24.25	25.66	4.8	14.52	2.55	0.25	0.0	0.0	0.0	0.0	0.0
(H3, O2, H4)	0.0	0.28	0.0	0.34	0.41	0.0	97.08	0.94	0.0	0.0	0.0	0.0
(H1, O1, H2)	0.0	1.1	0.0	0.02	10.59	0.0	0.89	94.35	0.0	0.0	0.0	0.0
(O2, H2, O1)	0.0	45.51	0.0	4.6	56.61	0.0	0.05	3.35	0.01	0.0	0.0	0.0
(O2, H2, O1)	50.92	0.0	19.98	0.0	0.0	94.5	0.0	0.0	0.0	0.0	0.0	0.0
(H1, O1, O2, H4)	7.61	1.17	26.52	0.26	0.72	0.17	0.17	0.0	0.0	0.0	0.0	0.0
