	138	177	184	218	408	778	1755	1786	3928	4031	4139	4185
(O1, O2)	0.0	0.0	0.09	98.67	0.37	0.0	0.06	0.01	0.01	0.0	0.01	0.0
(O2, H3)	0.01	0.0	0.03	0.01	0.05	0.01	1.14	0.01	0.02	50.05	0.0	49.93
(O2, H4)	0.01	0.0	0.03	0.01	0.05	0.01	1.14	0.01	0.02	49.91	0.0	50.07
(O1, H1)	0.0	0.0	0.0	0.02	0.05	0.0	0.05	1.04	85.33	0.02	14.1	0.0
(O1, H2)	0.0	0.0	0.01	0.02	0.15	0.0	0.02	1.91	14.62	0.02	85.89	0.0
(H4, O2, O1)	32.35	12.58	19.94	0.02	4.6	2.96	1.85	0.02	0.0	0.0	0.0	0.0
(H3, O2, O1)	39.12	16.2	25.5	0.0	5.62	3.63	2.27	0.03	0.0	0.0	0.0	0.0
(H3, O2, H4)	0.0	0.0	0.24	0.2	0.26	0.0	92.61	0.9	0.0	0.0	0.0	0.0
(H1, O1, H2)	0.0	0.0	1.61	0.39	15.5	0.0	0.72	90.15	0.0	0.0	0.01	0.0
(O1, H1, O2)	25.22	30.29	3.82	0.1	6.19	89.93	0.0	0.51	0.0	0.0	0.0	0.0
(O1, H1, O2)	1.03	0.96	40.0	0.55	65.28	3.36	0.05	5.41	0.0	0.0	0.0	0.0
(H3, O2, O1, H2)	2.26	39.97	8.71	0.01	1.89	0.1	0.09	0.0	0.0	0.0	0.0	0.0
