	1280	1280	1446	1605	1605	2361	3180	3253	3253
(C1, D2)	0.0	0.0	0.0	0.0	0.0	98.88	0.65	0.0	0.0
(C1, H3)	0.0	0.3	0.05	0.07	0.0	0.12	33.23	66.4	0.0
(C1, H4)	0.22	0.07	0.05	0.02	0.05	0.12	33.03	16.7	49.9
(C1, H5)	0.22	0.07	0.05	0.02	0.05	0.12	33.03	16.7	49.9
(D2, C1, H3)	0.0	56.57	16.64	8.81	0.0	0.13	0.01	0.08	0.0
(D2, C1, H4)	42.44	14.15	16.64	2.2	6.61	0.13	0.01	0.02	0.06
(D2, C1, H5)	42.44	14.15	16.64	2.2	6.61	0.13	0.01	0.02	0.06
(H3, C1, H4)	7.34	2.45	16.64	14.45	43.34	0.13	0.01	0.02	0.05
(H3, C1, H5)	7.34	2.45	16.64	14.45	43.34	0.13	0.01	0.02	0.05
(H4, C1, H5)	0.0	9.79	16.64	57.79	0.0	0.13	0.01	0.06	0.0
