	617	1790	1160	1405	1864	1732	1541	1865	2783	2766	2922	3712
(C, H3)	0.0	0.0	0.05	0.0	0.0	0.01	0.06	0.04	46.44	49.37	3.36	0.0
(H1, C)	0.0	0.0	0.01	0.0	0.01	0.04	0.0	0.02	6.89	0.0	92.29	0.01
(C, H2)	0.0	0.0	0.05	0.0	0.0	0.01	0.05	0.04	46.27	49.14	3.35	0.0
(C, O)	0.0	0.4	97.84	0.0	0.24	1.41	0.0	0.18	0.25	0.0	0.02	0.04
(O, H4)	0.0	0.01	0.04	0.0	0.03	0.0	0.0	0.0	0.0	0.0	0.02	99.9
(H1, C, H2)	0.15	0.52	0.24	2.32	1.65	33.22	46.19	3.1	0.01	0.16	0.1	0.0
(H1, C, H3)	0.15	0.51	0.24	2.31	1.64	32.96	46.0	3.08	0.01	0.16	0.1	0.0
(H2, C, H3)	0.0	2.91	0.4	0.0	10.63	0.42	0.0	76.51	0.11	0.0	0.19	0.0
(H2, C, O)	0.08	17.9	0.19	47.39	6.55	15.93	3.21	8.37	0.0	0.57	0.2	0.01
(H3, C, O)	0.08	17.96	0.19	47.56	6.57	15.98	3.24	8.4	0.0	0.57	0.2	0.01
(C, O, H4)	0.0	59.78	0.74	0.0	72.67	0.02	0.0	0.27	0.02	0.0	0.17	0.02
(H1, C, O, H4)	99.54	0.0	0.0	0.42	0.0	0.0	1.24	0.0	0.0	0.03	0.0	0.0
