	88	106	122	171	331	583	1281	1776	2981	3102	4097	4214
(O1, H4)	0.0	0.0	0.0	89.11	0.01	0.0	0.05	0.09	0.01	0.0	1.19	0.22
(O2, H3)	0.0	0.0	0.0	0.0	0.08	0.0	0.0	0.82	0.0	0.0	16.53	83.03
(O2, H4)	0.0	0.0	0.0	0.04	0.0	0.0	0.01	0.52	0.01	0.0	82.27	16.76
(O1, D1)	0.01	0.03	0.01	0.0	0.04	0.0	0.37	0.0	49.94	50.0	0.0	0.0
(O1, D2)	0.01	0.03	0.01	0.0	0.04	0.0	0.37	0.0	49.95	49.99	0.0	0.0
(H4, O1, D1)	16.4	20.83	8.1	2.83	13.16	8.8	0.3	0.08	0.0	0.0	0.0	0.0
(O2, O1, D2)	32.69	34.39	10.53	4.19	5.77	0.81	0.28	0.0	0.0	0.0	0.0	0.0
(H3, O2, H4)	0.0	0.96	0.0	0.01	11.39	0.0	0.0	95.59	0.0	0.0	0.0	0.0
(D1, O1, D2)	0.0	0.37	0.0	0.43	0.18	0.0	98.47	0.0	0.09	0.0	0.0	0.0
(O1, H4, O2)	48.48	0.0	0.37	0.0	0.0	90.27	0.0	0.0	0.0	0.0	0.0	0.0
(O1, H4, O2)	0.0	41.8	0.0	3.15	69.05	0.0	0.0	2.9	0.0	0.0	0.01	0.0
(H3, O2, O1, D2)	2.41	1.58	80.97	0.22	0.28	0.12	0.16	0.0	0.0	0.0	0.0	0.0
