	336	926	1046	1139	1271	1462	1583	1617	1636	1802	3114	3198	3231	3723	3798
(N, H5)	0.0	0.67	0.0	0.05	0.13	0.0	0.0	0.0	0.0	0.31	0.0	0.02	0.03	49.92	49.9
(N, H4)	0.0	0.67	0.0	0.05	0.13	0.0	0.0	0.0	0.0	0.31	0.0	0.02	0.03	49.92	49.9
(C, H2)	0.0	0.0	0.01	0.0	0.0	0.0	0.06	0.01	0.07	0.0	3.75	45.52	49.62	0.01	0.02
(N, C)	0.0	5.6	0.0	95.48	0.26	0.0	2.95	0.41	0.0	2.87	0.15	0.07	0.0	0.11	0.0
(C, H3)	0.0	0.0	0.01	0.0	0.0	0.0	0.06	0.01	0.07	0.0	3.75	45.52	49.62	0.01	0.02
(C, H1)	0.0	0.01	0.0	0.05	0.0	0.0	0.05	0.43	0.0	0.01	92.04	8.51	0.0	0.01	0.0
(C, N, H4)	0.08	26.41	13.29	0.03	1.82	20.1	0.11	0.0	0.08	16.45	0.01	0.01	0.04	0.0	0.04
(C, N, H5)	0.08	26.41	13.29	0.03	1.82	20.1	0.11	0.0	0.08	16.45	0.01	0.01	0.04	0.0	0.04
(H4, N, H5)	0.0	8.89	0.0	0.07	2.23	0.0	0.14	0.0	0.0	57.23	0.0	0.0	0.0	0.0	0.0
(N, C, H1)	0.0	14.91	0.0	2.34	56.73	0.0	19.39	18.67	0.0	0.01	0.07	0.31	0.0	0.01	0.0
(N, C, H2)	0.46	2.72	34.39	0.89	16.68	22.05	26.95	0.29	4.78	0.57	0.08	0.01	0.19	0.0	0.04
(N, C, H3)	0.46	2.72	34.39	0.89	16.68	22.05	26.95	0.29	4.78	0.57	0.08	0.01	0.19	0.0	0.04
(H1, C, H2)	0.08	0.02	0.98	0.07	1.28	6.28	11.6	39.94	43.26	0.24	0.03	0.0	0.1	0.0	0.0
(H1, C, H3)	0.08	0.02	0.98	0.07	1.28	6.28	11.6	39.94	43.26	0.24	0.03	0.0	0.1	0.0	0.0
(H4, N, C, H1)	49.37	5.47	1.32	0.0	0.48	1.57	0.0	0.0	1.81	2.37	0.0	0.0	0.01	0.0	0.0
(H5, N, C, H1)	49.37	5.47	1.32	0.0	0.48	1.57	0.0	0.0	1.81	2.37	0.0	0.0	0.01	0.0	0.0
