	183	228	231	658	795	1753	4135	4234	4263
(F, O)	3.79	3.33	61.14	0.02	0.0	0.06	0.0	0.0	0.01
(O, H2)	0.12	0.02	0.0	0.02	0.0	0.52	49.64	50.02	0.3
(O, H3)	0.12	0.01	0.03	0.02	0.01	0.52	49.67	49.98	0.31
(F, H1)	0.1	0.0	0.05	0.04	0.0	0.05	0.68	0.0	99.37
(H2, O, F)	37.87	31.75	0.86	0.22	1.73	1.11	0.0	0.0	0.0
(H3, O, F)	36.63	23.82	22.47	0.23	1.81	1.19	0.0	0.0	0.0
(H2, O, H3)	1.71	0.05	1.01	0.33	0.0	96.56	0.0	0.0	0.0
(O, H1, F)	0.0	40.86	12.12	0.02	96.43	0.0	0.0	0.0	0.0
(O, H1, F)	19.65	0.16	2.31	99.09	0.02	0.0	0.0	0.0	0.02
