	334	926	1045	1138	1271	1461	1583	1617	1636	1802	3115	3198	3231	3725	3800
(C, N)	0.0	5.64	0.0	95.51	0.25	0.0	2.94	0.4	0.0	2.86	0.15	0.07	0.0	0.11	0.0
(C, H1)	0.0	0.01	0.0	0.05	0.0	0.0	0.05	0.43	0.0	0.01	91.88	8.67	0.0	0.01	0.0
(N, H2)	0.0	0.67	0.0	0.05	0.13	0.0	0.0	0.0	0.0	0.32	0.0	0.02	0.03	49.92	49.9
(C, H4)	0.0	0.0	0.01	0.0	0.0	0.0	0.06	0.01	0.07	0.0	3.83	45.43	49.62	0.01	0.02
(N, H3)	0.0	0.67	0.0	0.05	0.13	0.0	0.0	0.0	0.0	0.32	0.0	0.02	0.03	49.92	49.9
(C, H5)	0.0	0.0	0.01	0.0	0.0	0.0	0.06	0.01	0.07	0.0	3.83	45.43	49.62	0.01	0.02
(N, C, H1)	0.0	14.93	0.0	2.3	56.72	0.0	19.44	18.64	0.0	0.01	0.07	0.31	0.0	0.01	0.0
(N, C, H4)	0.46	2.72	34.37	0.88	16.67	22.08	26.86	0.27	4.77	0.57	0.08	0.02	0.19	0.0	0.04
(N, C, H5)	0.46	2.72	34.37	0.88	16.67	22.08	26.86	0.27	4.77	0.57	0.08	0.02	0.19	0.0	0.04
(H1, C, H4)	0.08	0.02	0.99	0.07	1.29	6.27	11.67	39.98	43.27	0.24	0.03	0.0	0.1	0.0	0.0
(H1, C, H5)	0.08	0.02	0.99	0.07	1.29	6.27	11.67	39.98	43.27	0.24	0.03	0.0	0.1	0.0	0.0
(C, N, H2)	0.08	26.41	13.32	0.03	1.83	20.09	0.11	0.0	0.08	16.44	0.01	0.01	0.04	0.0	0.04
(C, N, H3)	0.08	26.41	13.32	0.03	1.83	20.09	0.11	0.0	0.08	16.44	0.01	0.01	0.04	0.0	0.04
(H2, N, H3)	0.0	8.87	0.0	0.07	2.24	0.0	0.14	0.0	0.0	57.26	0.0	0.0	0.0	0.0	0.0
(H1, C, N, H3)	49.38	5.44	1.31	0.0	0.48	1.56	0.0	0.0	1.81	2.37	0.0	0.0	0.01	0.0	0.0
(H1, C, N, H2)	49.38	5.44	1.31	0.0	0.48	1.56	0.0	0.0	1.81	2.37	0.0	0.0	0.01	0.0	0.0
