	342	986	1175	1291	1004	1873	1858	1634	3142	3191	3256	4187
(C, H3)	0.0	0.0	0.07	0.0	0.0	0.01	0.06	0.05	46.5	49.41	3.55	0.0
(C, O)	0.0	0.39	97.85	0.0	0.46	1.0	0.0	0.17	0.18	0.0	0.01	0.03
(C, H1)	0.0	0.0	0.01	0.0	0.01	0.03	0.0	0.02	6.59	0.0	91.97	0.01
(C, H4)	0.0	0.0	0.07	0.0	0.0	0.01	0.06	0.05	46.5	49.41	3.55	0.0
(O, H2)	0.0	0.01	0.06	0.0	0.08	0.0	0.0	0.0	0.0	0.0	0.02	99.92
(O, C, H1)	0.0	55.32	0.48	0.0	42.58	14.6	0.0	0.16	0.12	0.0	0.21	0.03
(O, C, H3)	0.23	18.42	0.2	44.02	12.08	10.74	2.43	7.33	0.0	0.41	0.15	0.01
(O, C, H4)	0.26	20.93	0.22	50.02	13.72	12.2	2.76	8.33	0.0	0.46	0.17	0.01
(H1, C, H3)	0.42	0.58	0.25	2.33	3.34	24.54	37.88	2.85	0.01	0.12	0.08	0.0
(H1, C, H4)	0.63	0.86	0.37	3.48	4.98	36.58	56.47	4.25	0.01	0.18	0.12	0.0
(H3, C, H4)	0.0	3.48	0.43	0.0	22.73	0.29	0.0	76.8	0.09	0.0	0.16	0.0
(H1, C, O, H2)	98.46	0.0	0.0	0.14	0.0	0.0	0.34	0.0	0.0	0.01	0.0	0.0
