	233	451	455	941	994	1131	1213	1391	1522	1574	1617	1636	1649	3160	3171	3194	3232	3246
(C2, H4)	0.01	0.0	0.01	0.01	0.04	0.04	0.0	0.0	0.01	0.03	0.0	0.07	0.04	10.49	17.77	4.39	21.3	45.54
(C2, H5)	0.0	0.03	0.0	0.0	0.0	0.0	0.2	0.0	0.0	0.04	0.04	0.0	0.08	25.96	17.84	0.0	55.97	0.0
(C1, H2)	0.26	0.01	0.37	0.03	0.01	0.09	0.0	0.0	0.0	0.0	0.38	0.0	0.0	26.39	23.03	45.22	0.54	4.24
(C1, C2)	0.0	1.26	0.0	28.29	0.0	45.23	17.73	0.0	2.1	4.16	3.8	0.0	0.03	0.0	0.41	0.0	0.0	0.0
(C1, O)	0.0	0.04	0.0	50.62	0.0	49.96	2.79	0.0	2.93	0.05	0.0	0.0	0.13	0.04	0.03	0.0	0.0	0.0
(C1, H1)	0.26	0.0	0.37	0.03	0.01	0.09	0.0	0.0	0.0	0.0	0.38	0.0	0.0	26.39	23.02	45.23	0.54	4.24
(C2, H3)	0.01	0.0	0.01	0.01	0.04	0.04	0.0	0.0	0.01	0.03	0.0	0.07	0.04	10.48	17.77	4.39	21.28	45.57
(H1, C1, C2)	3.17	4.97	4.47	1.84	13.46	0.94	0.24	28.39	22.39	0.26	35.88	0.0	0.02	0.0	0.0	0.2	0.02	0.02
(H2, C1, C2)	3.17	5.17	4.41	1.84	13.46	0.94	0.24	28.4	22.39	0.26	35.87	0.0	0.02	0.0	0.0	0.2	0.02	0.02
(H1, C1, O)	30.24	1.27	44.43	0.89	10.17	0.23	4.25	3.96	23.04	0.24	8.39	0.04	0.42	0.0	0.0	0.05	0.0	0.01
(H2, C1, O)	30.25	1.61	44.35	0.89	10.17	0.23	4.25	3.96	23.04	0.24	8.39	0.04	0.42	0.0	0.0	0.05	0.0	0.01
(C2, C1, O)	0.0	76.9	0.0	4.23	0.0	0.14	17.23	0.0	0.1	0.0	2.29	0.0	0.01	0.14	0.09	0.0	0.08	0.0
(C1, C2, H3)	2.7	4.03	0.53	5.1	24.34	0.67	22.55	15.71	0.04	19.21	0.0	3.8	2.05	0.04	0.0	0.13	0.04	0.08
(C1, C2, H4)	2.7	4.08	0.52	5.1	24.35	0.66	22.54	15.71	0.04	19.21	0.0	3.8	2.05	0.04	0.0	0.13	0.04	0.08
(H3, C2, H4)	0.0	0.29	0.0	1.01	0.0	0.74	4.38	0.0	3.87	12.45	2.95	0.0	68.26	0.0	0.01	0.0	0.12	0.0
(H3, C2, H5)	0.25	0.17	0.26	0.05	1.85	0.0	1.79	1.87	0.02	21.91	0.81	45.67	13.21	0.01	0.02	0.0	0.02	0.09
(H4, C2, H5)	0.25	0.18	0.26	0.05	1.85	0.0	1.79	1.87	0.02	21.91	0.81	45.67	13.21	0.01	0.02	0.0	0.02	0.09
(O, C1, C2, H5)	13.36	0.0	0.01	0.0	0.12	0.0	0.0	0.05	0.0	0.0	0.0	0.42	0.0	0.0	0.0	0.0	0.0	0.01
(H5, C2, C1, O)	13.36	0.0	0.01	0.0	0.12	0.0	0.0	0.05	0.0	0.0	0.0	0.42	0.0	0.0	0.0	0.0	0.0	0.01
