	163	568	854	937	1207	1258	1420	795	1494	1544	1993	3084	3158	3218	3279
(C1, C2)	0.0	1.89	0.0	48.86	13.03	0.0	3.02	14.08	0.04	0.0	4.79	0.1	0.25	0.0	0.01
(C2, H3)	0.11	0.01	0.06	0.0	0.04	0.06	0.01	0.0	0.02	0.02	0.0	0.78	40.97	49.77	8.22
(C1, H1)	0.0	0.05	0.0	0.01	0.02	0.0	0.01	0.41	0.0	0.0	0.03	97.47	1.2	0.0	0.22
(O, C1)	0.0	0.03	0.0	1.76	0.26	0.0	0.06	5.89	0.62	0.0	90.39	0.37	0.0	0.0	0.01
(C2, H2)	0.0	0.0	0.0	0.06	0.0	0.0	0.0	0.0	0.03	0.0	0.03	0.0	16.4	0.0	82.77
(C2, H4)	0.11	0.01	0.06	0.0	0.04	0.06	0.01	0.0	0.02	0.02	0.0	0.78	40.97	49.77	8.22
(O, C1, C2)	0.0	57.08	0.0	0.37	11.86	0.0	0.0	2.89	0.08	0.0	0.76	0.36	0.0	0.0	0.07
(C1, C2, H2)	0.0	28.59	0.0	22.7	55.71	0.0	12.74	11.99	7.15	0.0	2.89	0.09	0.06	0.0	0.13
(C1, C2, H3)	6.71	5.63	32.57	10.28	5.52	22.94	18.26	9.46	0.2	3.21	0.36	0.03	0.02	0.09	0.05
(C1, C2, H4)	7.31	6.13	35.46	11.19	6.01	24.97	19.88	10.3	0.21	3.5	0.39	0.03	0.02	0.1	0.06
(H2, C2, H3)	1.37	0.02	0.62	1.21	0.03	3.23	9.13	1.23	12.36	28.2	0.08	0.0	0.01	0.08	0.03
(H2, C2, H4)	3.08	0.05	1.39	2.73	0.06	7.27	20.5	2.75	27.78	63.35	0.18	0.0	0.03	0.17	0.08
(H3, C2, H4)	0.0	0.5	0.0	0.85	7.44	0.0	16.38	41.0	51.49	0.0	0.09	0.0	0.05	0.0	0.13
(C1, H1, C2, O)	12.83	0.0	29.38	0.0	0.0	39.14	0.0	0.0	0.0	0.2	0.0	0.0	0.0	0.01	0.0
(H2, C2, C1, O)	68.5	0.0	0.44	0.0	0.0	2.33	0.0	0.0	0.0	1.5	0.0	0.0	0.0	0.0	0.0
