	342	1160	1179	1277	1489	1615	1619	1630	3140	3184	3256	4186
(C, H3)	0.0	0.0	0.06	0.0	0.0	0.02	0.1	0.07	46.56	49.59	3.56	0.0
(C, H1)	0.0	0.0	0.01	0.0	0.01	0.06	0.0	0.03	6.61	0.0	92.31	0.01
(O, H2)	0.0	0.02	0.06	0.0	0.07	0.0	0.0	0.0	0.0	0.0	0.02	99.94
(C, H4)	0.0	0.0	0.06	0.0	0.0	0.02	0.1	0.07	46.56	49.59	3.56	0.0
(C, O)	0.0	0.6	98.45	0.0	0.43	1.88	0.0	0.26	0.19	0.0	0.02	0.03
(O, C, H3)	0.18	21.94	0.15	47.51	8.46	15.41	3.14	8.71	0.0	0.32	0.12	0.01
(O, C, H4)	0.18	21.94	0.15	47.51	8.46	15.41	3.14	8.71	0.0	0.32	0.12	0.01
(H1, C, H3)	0.31	0.65	0.18	2.39	2.22	33.42	46.48	3.22	0.01	0.09	0.06	0.0
(H1, C, H4)	0.31	0.65	0.18	2.39	2.22	33.42	46.48	3.22	0.01	0.09	0.06	0.0
(H3, C, H4)	0.0	3.43	0.27	0.0	13.17	0.35	0.0	75.53	0.06	0.0	0.1	0.0
(C, O, H2)	0.0	50.75	0.41	0.0	64.97	0.01	0.0	0.19	0.01	0.0	0.07	0.01
(H1, C, O, H2)	99.01	0.0	0.0	0.2	0.0	0.0	0.57	0.0	0.0	0.01	0.0	0.0
