             0.46781	-228.191254256	-1.0553   0.0000  -1.7211
             0.47781	-228.266198806	-1.0644   0.0000  -1.7095
             0.48781	-228.335739567	-1.0733   0.0000  -1.6981
             0.49781	-228.400282122	-1.0821   0.0000  -1.6868
             0.50781	-228.460198320	-1.0907   0.0000  -1.6755
             0.51781	-228.515829590	-1.0991   0.0000  -1.6643
             0.52781	-228.567489645	-1.1074   0.0000  -1.6531
             0.53781	-228.615466876	-1.1156   0.0000  -1.6420
             0.54781	-228.660026730	-1.1236   0.0000  -1.6309
             0.55781	-228.701413928	-1.1315   0.0000  -1.6197
             0.56781	-228.739854207	-1.1392   0.0000  -1.6086
             0.57781	-228.775555724	-1.1468   0.0000  -1.5975
             0.58781	-228.808710537	-1.1543   0.0000  -1.5863
             0.59781	-228.839496167	-1.1617   0.0000  -1.5751
             0.60781	-228.868076890	-1.1689   0.0000  -1.5639
             0.61781	-228.894604673	-1.1761   0.0000  -1.5527
             0.62781	-228.919220053	-1.1831   0.0000  -1.5415
             0.63781	-228.942053131	-1.1900   0.0000  -1.5302
             0.64781	-228.963224550	-1.1968   0.0000  -1.5189
             0.65781	-228.982846237	-1.2034   0.0000  -1.5076
             0.66781	-229.001021966	-1.2100   0.0000  -1.4963
             0.67781	-229.017847910	-1.2164   0.0000  -1.4849
             0.68781	-229.033413284	-1.2228   0.0000  -1.4735
             0.69781	-229.047800980	-1.2290   0.0000  -1.4621
             0.70781	-229.061088088	-1.2351   0.0000  -1.4507
             0.71781	-229.073346280	-1.2410   0.0000  -1.4393
             0.72781	-229.084642168	-1.2469   0.0000  -1.4279
             0.73781	-229.095037691	-1.2526   0.0000  -1.4165
             0.74781	-229.104590551	-1.2582   0.0000  -1.4051
             0.75781	-229.113354604	-1.2637   0.0000  -1.3936
             0.76781	-229.121380165	-1.2691   0.0000  -1.3823
             0.77781	-229.128714239	-1.2743   0.0000  -1.3709
             0.78781	-229.135400732	-1.2794   0.0000  -1.3595
             0.79781	-229.141480679	-1.2844   0.0000  -1.3482
             0.80781	-229.146992507	-1.2892   0.0000  -1.3369
             0.81781	-229.151972266	-1.2939   0.0000  -1.3256
             0.82781	-229.156453807	-1.2985   0.0000  -1.3144
             0.83781	-229.160468898	-1.3030   0.0000  -1.3032
             0.84781	-229.164047320	-1.3073   0.0000  -1.2921
             0.85781	-229.167216981	-1.3115   0.0000  -1.2810
             0.86781	-229.170004059	-1.3155   0.0000  -1.2700
             0.87781	-229.172433144	-1.3194   0.0000  -1.2590
             0.88781	-229.174527365	-1.3232   0.0000  -1.2481
             0.89781	-229.176308461	-1.3268   0.0000  -1.2373
             0.90781	-229.177796835	-1.3304   0.0000  -1.2265
             0.91781	-229.179011613	-1.3337   0.0000  -1.2158
             0.92781	-229.179970708	-1.3370   0.0000  -1.2052
             0.93781	-229.180690922	-1.3401   0.0000  -1.1947
             0.94781	-229.181188036	-1.3430   0.0000  -1.1842
             0.95781	-229.181476890	-1.3458   0.0000  -1.1738
             0.96781	-229.181571432	-1.3485   0.0000  -1.1635
             0.97781	-229.181484750	-1.3511   0.0000  -1.1533
             0.98781	-229.181229116	-1.3535   0.0000  -1.1432
             0.99781	-229.180816027	-1.3557   0.0000  -1.1332
             1.00781	-229.180256260	-1.3578   0.0000  -1.1234
             1.01781	-229.179559941	-1.3598   0.0000  -1.1136
             1.02781	-229.178736593	-1.3616   0.0000  -1.1039
             1.03781	-229.177795178	-1.3633   0.0000  -1.0943
             1.04781	-229.176744127	-1.3649   0.0000  -1.0849
             1.05781	-229.175591362	-1.3663   0.0000  -1.0756
             1.06781	-229.174344316	-1.3675   0.0000  -1.0664
             1.07781	-229.173009967	-1.3686   0.0000  -1.0573
             1.08781	-229.171594861	-1.3696   0.0000  -1.0483
             1.09781	-229.170105155	-1.3704   0.0000  -1.0395
             1.10781	-229.168546640	-1.3710   0.0000  -1.0309
             1.11781	-229.166924771	-1.3716   0.0000  -1.0223
             1.12781	-229.165244684	-1.3719   0.0000  -1.0139
             1.13781	-229.163511209	-1.3721   0.0000  -1.0057
             1.14781	-229.161728883	-1.3722   0.0000  -0.9976
             1.15781	-229.159901964	-1.3721   0.0000  -0.9896
             1.16781	-229.158034446	-1.3719   0.0000  -0.9818
             1.17781	-229.156130077	-1.3715   0.0000  -0.9741
             1.18781	-229.154192375	-1.3710   0.0000  -0.9666
             1.19781	-229.152224649	-1.3703   0.0000  -0.9592
             1.20781	-229.150230010	-1.3695   0.0000  -0.9520
             1.21781	-229.148211383	-1.3685   0.0000  -0.9449
             1.22781	-229.146171519	-1.3674   0.0000  -0.9380
             1.23781	-229.144112998	-1.3661   0.0000  -0.9313
             1.24781	-229.142038239	-1.3647   0.0000  -0.9247
             1.25781	-229.139949507	-1.3631   0.0000  -0.9182
             1.26781	-229.137848923	-1.3614   0.0000  -0.9120
             1.27781	-229.135738471	-1.3596   0.0000  -0.9058
             1.28781	-229.133620012	-1.3576   0.0000  -0.8998
             1.29781	-229.131495293	-1.3555   0.0000  -0.8940
             1.30781	-229.129365951	-1.3532   0.0000  -0.8883
             1.31781	-229.127233525	-1.3509   0.0000  -0.8828
             1.32781	-229.125099454	-1.3483   0.0000  -0.8774
             1.33781	-229.122965090	-1.3457   0.0000  -0.8722
             1.34781	-229.120831693	-1.3429   0.0000  -0.8672
             1.35781	-229.118700442	-1.3399   0.0000  -0.8622
             1.36781	-229.116572438	-1.3369   0.0000  -0.8575
             1.37781	-229.114448706	-1.3337   0.0000  -0.8528
             1.38781	-229.112330206	-1.3304   0.0000  -0.8484
             1.39781	-229.110217835	-1.3270   0.0000  -0.8440
             1.40781	-229.108112431	-1.3234   0.0000  -0.8398
             1.41781	-229.106014780	-1.3197   0.0000  -0.8358
             1.42781	-229.103925616	-1.3160   0.0000  -0.8318
             1.43781	-229.101845626	-1.3120   0.0000  -0.8281
             1.44781	-229.099775448	-1.3080   0.0000  -0.8244
             1.45781	-229.097715682	-1.3039   0.0000  -0.8209
             1.46781	-229.095666880	-1.2997   0.0000  -0.8175
             1.47781	-229.093629560	-1.2953   -0.0000  -0.8143
             1.48781	-229.091604199	-1.2908   -0.0000  -0.8111
             1.49781	-229.089591243	-1.2863   -0.0000  -0.8081
             1.50781	-229.087591105	-1.2816   -0.0000  -0.8052
             1.51781	-229.085604165	-1.2769   -0.0000  -0.8025
             1.52781	-229.083630779	-1.2720   -0.0000  -0.7998
             1.53781	-229.081671273	-1.2671   -0.0000  -0.7973
             1.54781	-229.079725949	-1.2620   -0.0000  -0.7948
             1.55781	-229.077795084	-1.2569   -0.0000  -0.7925
             1.56781	-229.075878931	-1.2517   -0.0000  -0.7903
             1.57781	-229.073977720	-1.2464   -0.0000  -0.7882
             1.58781	-229.072091657	-1.2411   -0.0000  -0.7862
             1.59781	-229.070220929	-1.2356   -0.0000  -0.7843
             1.60781	-229.068365700	-1.2301   -0.0000  -0.7825
             1.61781	-229.066526116	-1.2245   -0.0000  -0.7807
             1.62781	-229.064702302	-1.2188   -0.0000  -0.7791
             1.63781	-229.062894368	-1.2131   -0.0000  -0.7776
             1.64781	-229.061102405	-1.2073   -0.0000  -0.7761
             1.65781	-229.059326488	-1.2014   -0.0000  -0.7747
             1.66781	-229.057566678	-1.1955   -0.0000  -0.7734
             1.67781	-229.055823020	-1.1895   -0.0000  -0.7722
             1.68781	-229.054095546	-1.1835   -0.0000  -0.7710
             1.69781	-229.052384275	-1.1774   -0.0000  -0.7700
             1.70781	-229.050689211	-1.1713   -0.0000  -0.7689
             1.71781	-229.049010349	-1.1651   -0.0000  -0.7680
             1.72781	-229.047347671	-1.1589   -0.0000  -0.7671
             1.73781	-229.045701147	-1.1527   -0.0000  -0.7663
             1.74781	-229.044070739	-1.1464   -0.0000  -0.7655
             1.75781	-229.042456399	-1.1400   -0.0000  -0.7648
             1.76781	-229.040858069	-1.1337   -0.0000  -0.7641
             1.77781	-229.039275687	-1.1273   -0.0000  -0.7635
             1.78781	-229.037709180	-1.1208   -0.0000  -0.7630
             1.79781	-229.036158471	-1.1144   -0.0000  -0.7625
             1.80781	-229.034623477	-1.1079   -0.0000  -0.7620
             1.81781	-229.033104107	-1.1014   -0.0000  -0.7616
             1.82781	-229.031600269	-1.0949   -0.0000  -0.7612
             1.83781	-229.030111865	-1.0883   -0.0000  -0.7608
             1.84781	-229.028638792	-1.0818   -0.0000  -0.7605
             1.85781	-229.027180945	-1.0752   -0.0000  -0.7603
             1.86781	-229.025738216	-1.0686   -0.0000  -0.7600
             1.87781	-229.024310491	-1.0620   -0.0000  -0.7598
             1.88781	-229.022897658	-1.0555   -0.0000  -0.7596
             1.89781	-229.021499599	-1.0489   -0.0000  -0.7595
             1.90781	-229.020116196	-1.0422   -0.0000  -0.7594
             1.91781	-229.018747331	-1.0356   -0.0000  -0.7593
             1.92781	-229.017392881	-1.0290   -0.0000  -0.7592
             1.93781	-229.016052727	-1.0224   -0.0000  -0.7591
             1.94781	-229.014726746	-1.0158   -0.0000  -0.7591
             1.95781	-229.013414817	-1.0093   -0.0000  -0.7591
             1.96781	-229.012116816	-1.0027   -0.0000  -0.7591
