	53	66	152	175	266	354	595	1157	1167	1279	1484	1613	1622	1630	1778	3158	3212	3278	4097	4188	4212
(O1, O2)	0.47	1.59	0.1	85.77	0.28	0.31	0.05	0.01	0.01	0.01	0.07	0.0	0.0	0.0	0.01	0.0	0.0	0.0	0.0	0.0	0.0
(O2, H3)	0.02	0.0	0.0	0.0	0.0	0.0	0.0	0.01	0.05	0.0	0.04	0.0	0.0	0.0	0.0	0.0	0.0	0.02	0.07	99.62	0.24
(O2, C)	0.0	0.13	0.08	0.03	0.0	0.09	0.09	53.84	52.02	0.01	0.49	1.74	0.04	0.11	0.0	0.18	0.0	0.01	0.0	0.03	0.0
(C, H4)	0.0	0.04	0.0	0.0	0.0	0.01	0.03	0.0	0.01	0.0	0.01	0.03	0.0	0.03	0.0	8.46	0.01	90.47	0.0	0.01	0.0
(C, H5)	0.0	0.0	0.0	0.01	0.0	0.01	0.01	0.04	0.02	0.0	0.0	0.04	0.06	0.06	0.0	48.1	47.32	4.35	0.0	0.0	0.0
(C, H6)	0.0	0.0	0.0	0.01	0.01	0.0	0.0	0.04	0.02	0.0	0.01	0.01	0.11	0.04	0.0	43.16	51.83	4.58	0.0	0.0	0.0
(O1, H1)	0.0	0.0	0.01	0.01	0.04	0.01	0.0	0.0	0.0	0.0	0.0	0.0	0.0	0.0	0.83	0.0	0.0	0.0	16.59	0.31	83.28
(O1, H2)	0.01	0.0	0.01	0.02	0.03	0.0	0.01	0.01	0.0	0.0	0.01	0.0	0.0	0.0	0.6	0.0	0.0	0.0	83.31	0.0	16.47
(O1, H2, O2)	20.72	18.27	3.41	1.05	6.55	2.21	95.56	0.0	0.12	0.0	0.01	0.0	0.0	0.0	0.05	0.0	0.0	0.0	0.02	0.0	0.0
(O1, O2, H3)	65.27	4.82	0.81	2.21	2.24	18.67	0.22	0.74	0.99	0.0	1.3	0.0	0.0	0.01	0.0	0.0	0.0	0.0	0.0	0.0	0.0
(C, O2, O1)	1.29	67.29	0.46	9.37	0.03	0.12	0.02	0.0	0.09	0.02	0.13	0.0	0.0	0.0	0.0	0.0	0.0	0.01	0.0	0.0	0.0
(H3, O2, C)	0.38	0.01	0.01	0.16	0.08	0.05	1.31	24.08	22.36	0.0	59.31	0.05	0.0	0.18	0.01	0.01	0.0	0.07	0.0	0.01	0.0
(O2, C, H5)	0.05	0.01	0.02	0.32	0.07	0.18	0.21	5.67	9.43	50.78	7.74	19.72	0.94	6.79	0.03	0.0	0.31	0.11	0.0	0.0	0.0
(O2, C, H6)	0.0	0.03	0.02	0.07	0.01	0.03	0.08	11.79	12.37	44.01	12.08	15.37	5.89	5.72	0.0	0.01	0.3	0.11	0.0	0.01	0.0
(H4, C, H5)	0.04	0.29	0.0	0.07	0.05	0.13	0.32	0.06	1.07	2.23	3.69	41.12	39.66	3.76	0.01	0.01	0.1	0.07	0.0	0.0	0.0
(H4, C, H6)	0.21	0.05	0.35	0.11	0.09	0.13	0.02	0.0	0.77	2.66	2.91	18.53	51.64	8.95	0.06	0.01	0.11	0.06	0.0	0.0	0.0
(H5, C, H6)	0.06	0.01	0.01	0.08	0.01	0.01	0.08	3.69	0.65	0.01	12.17	3.36	0.92	74.32	0.06	0.06	0.0	0.13	0.0	0.0	0.0
(H1, O1, H2)	0.22	0.07	0.5	0.0	6.81	0.7	0.01	0.0	0.0	0.0	0.03	0.0	0.01	0.02	94.88	0.0	0.0	0.0	0.0	0.0	0.0
(C, O2, O1, H2)	7.8	7.15	0.19	0.22	71.96	3.68	0.86	0.0	0.01	0.0	0.0	0.0	0.0	0.0	3.43	0.0	0.0	0.0	0.0	0.0	0.0
(C, O2, O1, H1)	3.41	0.22	93.83	0.35	1.13	0.07	0.07	0.0	0.0	0.01	0.0	0.0	0.0	0.0	0.02	0.0	0.0	0.0	0.0	0.0	0.0
(H3, O2, C, H4)	0.02	0.02	0.19	0.16	10.59	73.59	1.07	0.0	0.0	0.26	0.0	0.02	0.74	0.01	0.0	0.0	0.01	0.0	0.0	0.0	0.0
